1190
9011
111990
199011
1191
9111
111991
199111
1192
9211
111992
199211
1193
9311
111993
199311
1194
9411
111994
199411
1195
9511
111995
199511
1196
9611
111996
199611
1197
9711
111997
199711
1198
9811
111998
199811
1290
9021
121990
199021
1291
9121
121991
199121
1292
9221
121992
199221
1293
9321
121993
199321
1294
9421
121994
199421
1295
9521
121995
199521
1296
9621
121996
199621
1297
9721
121997
199721
1298
9821
121998
199821
1390
9031
131990
199031
1391
9131
131991
199131
1392
9231
131992
199231
1393
9331
131993
199331
1394
9431
131994
199431
1395
9531
131995
199531
1396
9631
131996
199631
1397
9731
131997
199731
1398
9831
131998
199831
1490
9041
141990
199041
1491
9141
141991
199141
1492
9241
141992
199241
1493
9341
141993
199341
1494
9441
141994
199441
1495
9541
141995
199541
1496
9641
141996
199641
1497
9741
141997
199741
1498
9841
141998
199841
1590
9051
151990
199051
1591
9151
151991
199151
1592
9251
151992
199251
1593
9351
151993
199351
1594
9451
151994
199451
1595
9551
151995
199551
1596
9651
151996
199651
1597
9751
151997
199751
1598
9851
151998
199851
1690
9061
161990
199061
1691
9161
161991
199161
1692
9261
161992
199261
1693
9361
161993
199361
1694
9461
161994
199461
1695
9561
161995
199561
1696
9661
161996
199661
1697
9761
161997
199761
1698
9861
161998
199861
1790
9071
171990
199071
1791
9171
171991
199171
1792
9271
171992
199271
1793
9371
171993
199371
1794
9471
171994
199471
1795
9571
171995
199571
1796
9671
171996
199671
1797
9771
171997
199771
1798
9871
171998
199871
1890
9081
181990
199081
1891
9181
181991
199181
1892
9281
181992
199281
1893
9381
181993
199381
1894
9481
181994
199481
1895
9581
181995
199581
1896
9681
181996
199681
1897
9781
181997
199781
1898
9881
181998
199881
1990
9091
191990
199091
1991
9191
191991
199191
1992
9291
191992
199291
1993
9391
191993
199391
1994
9491
191994
199491
1995
9591
191995
199591
1996
9691
191996
199691
1997
9791
191997
199791
1998
9891
191998
199891
11090
90101
1101990
1990101
11091
91101
1101991
1991101
11092
92101
1101992
1992101
11093
93101
1101993
1993101
11094
94101
1101994
1994101
11095
95101
1101995
1995101
11096
96101
1101996
1996101
11097
97101
1101997
1997101
11098
98101
1101998
1998101
11190
90111
1111990
1990111
11191
91111
1111991
1991111
11192
92111
1111992
1992111
11193
93111
1111993
1993111
11194
94111
1111994
1994111
11195
95111
1111995
1995111
11196
96111
1111996
1996111
11197
97111
1111997
1997111
11198
98111
1111998
1998111
11290
90121
1121990
1990121
11291
91121
1121991
1991121
11292
92121
1121992
1992121
11293
93121
1121993
1993121
11294
94121
1121994
1994121
11295
95121
1121995
1995121
11296
96121
1121996
1996121
11297
97121
1121997
1997121
11298
98121
1121998
1998121
2190
9012
211990
199012
2191
9112
211991
199112
2192
9212
211992
199212
2193
9312
211993
199312
2194
9412
211994
199412
2195
9512
211995
199512
2196
9612
211996
199612
2197
9712
211997
199712
2198
9812
211998
199812
2290
9022
221990
199022
2291
9122
221991
199122
2292
9222
221992
199222
2293
9322
221993
199322
2294
9422
221994
199422
2295
9522
221995
199522
2296
9622
221996
199622
2297
9722
221997
199722
2298
9822
221998
199822
2390
9032
231990
199032
2391
9132
231991
199132
2392
9232
231992
199232
2393
9332
231993
199332
2394
9432
231994
199432
2395
9532
231995
199532
2396
9632
231996
199632
2397
9732
231997
199732
2398
9832
231998
199832
2490
9042
241990
199042
2491
9142
241991
199142
2492
9242
241992
199242
2493
9342
241993
199342
2494
9442
241994
199442
2495
9542
241995
199542
2496
9642
241996
199642
2497
9742
241997
199742
2498
9842
241998
199842
2590
9052
251990
199052
2591
9152
251991
199152
2592
9252
251992
199252
2593
9352
251993
199352
2594
9452
251994
199452
2595
9552
251995
199552
2596
9652
251996
199652
2597
9752
251997
199752
2598
9852
251998
199852
2690
9062
261990
199062
2691
9162
261991
199162
2692
9262
261992
199262
2693
9362
261993
199362
2694
9462
261994
199462
2695
9562
261995
199562
2696
9662
261996
199662
2697
9762
261997
199762
2698
9862
261998
199862
2790
9072
271990
199072
2791
9172
271991
199172
2792
9272
271992
199272
2793
9372
271993
199372
2794
9472
271994
199472
2795
9572
271995
199572
2796
9672
271996
199672
2797
9772
271997
199772
2798
9872
271998
199872
2890
9082
281990
199082
2891
9182
281991
199182
2892
9282
281992
199282
2893
9382
281993
199382
2894
9482
281994
199482
2895
9582
281995
199582
2896
9682
281996
199682
2897
9782
281997
199782
2898
9882
281998
199882
2990
9092
291990
199092
2991
9192
291991
199192
2992
9292
291992
199292
2993
9392
291993
199392
2994
9492
291994
199492
2995
9592
291995
199592
2996
9692
291996
199692
2997
9792
291997
199792
2998
9892
291998
199892
21090
90102
2101990
1990102
21091
91102
2101991
1991102
21092
92102
2101992
1992102
21093
93102
2101993
1993102
21094
94102
2101994
1994102
21095
95102
2101995
1995102
21096
96102
2101996
1996102
21097
97102
2101997
1997102
21098
98102
2101998
1998102
21190
90112
2111990
1990112
21191
91112
2111991
1991112
21192
92112
2111992
1992112
21193
93112
2111993
1993112
21194
94112
2111994
1994112
21195
95112
2111995
1995112
21196
96112
2111996
1996112
21197
97112
2111997
1997112
21198
98112
2111998
1998112
21290
90122
2121990
1990122
21291
91122
2121991
1991122
21292
92122
2121992
1992122
21293
93122
2121993
1993122
21294
94122
2121994
1994122
21295
95122
2121995
1995122
21296
96122
2121996
1996122
21297
97122
2121997
1997122
21298
98122
2121998
1998122
3190
9013
311990
199013
3191
9113
311991
199113
3192
9213
311992
199213
3193
9313
311993
199313
3194
9413
311994
199413
3195
9513
311995
199513
3196
9613
311996
199613
3197
9713
311997
199713
3198
9813
311998
199813
3290
9023
321990
199023
3291
9123
321991
199123
3292
9223
321992
199223
3293
9323
321993
199323
3294
9423
321994
199423
3295
9523
321995
199523
3296
9623
321996
199623
3297
9723
321997
199723
3298
9823
321998
199823
3390
9033
331990
199033
3391
9133
331991
199133
3392
9233
331992
199233
3393
9333
331993
199333
3394
9433
331994
199433
3395
9533
331995
199533
3396
9633
331996
199633
3397
9733
331997
199733
3398
9833
331998
199833
3490
9043
341990
199043
3491
9143
341991
199143
3492
9243
341992
199243
3493
9343
341993
199343
3494
9443
341994
199443
3495
9543
341995
199543
3496
9643
341996
199643
3497
9743
341997
199743
3498
9843
341998
199843
3590
9053
351990
199053
3591
9153
351991
199153
3592
9253
351992
199253
3593
9353
351993
199353
3594
9453
351994
199453
3595
9553
351995
199553
3596
9653
351996
199653
3597
9753
351997
199753
3598
9853
351998
199853
3690
9063
361990
199063
3691
9163
361991
199163
3692
9263
361992
199263
3693
9363
361993
199363
3694
9463
361994
199463
3695
9563
361995
199563
3696
9663
361996
199663
3697
9763
361997
199763
3698
9863
361998
199863
3790
9073
371990
199073
3791
9173
371991
199173
3792
9273
371992
199273
3793
9373
371993
199373
3794
9473
371994
199473
3795
9573
371995
199573
3796
9673
371996
199673
3797
9773
371997
199773
3798
9873
371998
199873
3890
9083
381990
199083
3891
9183
381991
199183
3892
9283
381992
199283
3893
9383
381993
199383
3894
9483
381994
199483
3895
9583
381995
199583
3896
9683
381996
199683
3897
9783
381997
199783
3898
9883
381998
199883
3990
9093
391990
199093
3991
9193
391991
199193
3992
9293
391992
199293
3993
9393
391993
199393
3994
9493
391994
199493
3995
9593
391995
199593
3996
9693
391996
199693
3997
9793
391997
199793
3998
9893
391998
199893
31090
90103
3101990
1990103
31091
91103
3101991
1991103
31092
92103
3101992
1992103
31093
93103
3101993
1993103
31094
94103
3101994
1994103
31095
95103
3101995
1995103
31096
96103
3101996
1996103
31097
97103
3101997
1997103
31098
98103
3101998
1998103
31190
90113
3111990
1990113
31191
91113
3111991
1991113
31192
92113
3111992
1992113
31193
93113
3111993
1993113
31194
94113
3111994
1994113
31195
95113
3111995
1995113
31196
96113
3111996
1996113
31197
97113
3111997
1997113
31198
98113
3111998
1998113
31290
90123
3121990
1990123
31291
91123
3121991
1991123
31292
92123
3121992
1992123
31293
93123
3121993
1993123
31294
94123
3121994
1994123
31295
95123
3121995
1995123
31296
96123
3121996
1996123
31297
97123
3121997
1997123
31298
98123
3121998
1998123
4190
9014
411990
199014
4191
9114
411991
199114
4192
9214
411992
199214
4193
9314
411993
199314
4194
9414
411994
199414
4195
9514
411995
199514
4196
9614
411996
199614
4197
9714
411997
199714
4198
9814
411998
199814
4290
9024
421990
199024
4291
9124
421991
199124
4292
9224
421992
199224
4293
9324
421993
199324
4294
9424
421994
199424
4295
9524
421995
199524
4296
9624
421996
199624
4297
9724
421997
199724
4298
9824
421998
199824
4390
9034
431990
199034
4391
9134
431991
199134
4392
9234
431992
199234
4393
9334
431993
199334
4394
9434
431994
199434
4395
9534
431995
199534
4396
9634
431996
199634
4397
9734
431997
199734
4398
9834
431998
199834
4490
9044
441990
199044
4491
9144
441991
199144
4492
9244
441992
199244
4493
9344
441993
199344
4494
9444
441994
199444
4495
9544
441995
199544
4496
9644
441996
199644
4497
9744
441997
199744
4498
9844
441998
199844
4590
9054
451990
199054
4591
9154
451991
199154
4592
9254
451992
199254
4593
9354
451993
199354
4594
9454
451994
199454
4595
9554
451995
199554
4596
9654
451996
199654
4597
9754
451997
199754
4598
9854
451998
199854
4690
9064
461990
199064
4691
9164
461991
199164
4692
9264
461992
199264
4693
9364
461993
199364
4694
9464
461994
199464
4695
9564
461995
199564
4696
9664
461996
199664
4697
9764
461997
199764
4698
9864
461998
199864
4790
9074
471990
199074
4791
9174
471991
199174
4792
9274
471992
199274
4793
9374
471993
199374
4794
9474
471994
199474
4795
9574
471995
199574
4796
9674
471996
199674
4797
9774
471997
199774
4798
9874
471998
199874
4890
9084
481990
199084
4891
9184
481991
199184
4892
9284
481992
199284
4893
9384
481993
199384
4894
9484
481994
199484
4895
9584
481995
199584
4896
9684
481996
199684
4897
9784
481997
199784
4898
9884
481998
199884
4990
9094
491990
199094
4991
9194
491991
199194
4992
9294
491992
199294
4993
9394
491993
199394
4994
9494
491994
199494
4995
9594
491995
199594
4996
9694
491996
199694
4997
9794
491997
199794
4998
9894
491998
199894
41090
90104
4101990
1990104
41091
91104
4101991
1991104
41092
92104
4101992
1992104
41093
93104
4101993
1993104
41094
94104
4101994
1994104
41095
95104
4101995
1995104
41096
96104
4101996
1996104
41097
97104
4101997
1997104
41098
98104
4101998
1998104
41190
90114
4111990
1990114
41191
91114
4111991
1991114
41192
92114
4111992
1992114
41193
93114
4111993
1993114
41194
94114
4111994
1994114
41195
95114
4111995
1995114
41196
96114
4111996
1996114
41197
97114
4111997
1997114
41198
98114
4111998
1998114
41290
90124
4121990
1990124
41291
91124
4121991
1991124
41292
92124
4121992
1992124
41293
93124
4121993
1993124
41294
94124
4121994
1994124
41295
95124
4121995
1995124
41296
96124
4121996
1996124
41297
97124
4121997
1997124
41298
98124
4121998
1998124
5190
9015
511990
199015
5191
9115
511991
199115
5192
9215
511992
199215
5193
9315
511993
199315
5194
9415
511994
199415
5195
9515
511995
199515
5196
9615
511996
199615
5197
9715
511997
199715
5198
9815
511998
199815
5290
9025
521990
199025
5291
9125
521991
199125
5292
9225
521992
199225
5293
9325
521993
199325
5294
9425
521994
199425
5295
9525
521995
199525
5296
9625
521996
199625
5297
9725
521997
199725
5298
9825
521998
199825
5390
9035
531990
199035
5391
9135
531991
199135
5392
9235
531992
199235
5393
9335
531993
199335
5394
9435
531994
199435
5395
9535
531995
199535
5396
9635
531996
199635
5397
9735
531997
199735
5398
9835
531998
199835
5490
9045
541990
199045
5491
9145
541991
199145
5492
9245
541992
199245
5493
9345
541993
199345
5494
9445
541994
199445
5495
9545
541995
199545
5496
9645
541996
199645
5497
9745
541997
199745
5498
9845
541998
199845
5590
9055
551990
199055
5591
9155
551991
199155
5592
9255
551992
199255
5593
9355
551993
199355
5594
9455
551994
199455
5595
9555
551995
199555
5596
9655
551996
199655
5597
9755
551997
199755
5598
9855
551998
199855
5690
9065
561990
199065
5691
9165
561991
199165
5692
9265
561992
199265
5693
9365
561993
199365
5694
9465
561994
199465
5695
9565
561995
199565
5696
9665
561996
199665
5697
9765
561997
199765
5698
9865
561998
199865
5790
9075
571990
199075
5791
9175
571991
199175
5792
9275
571992
199275
5793
9375
571993
199375
5794
9475
571994
199475
5795
9575
571995
199575
5796
9675
571996
199675
5797
9775
571997
199775
5798
9875
571998
199875
5890
9085
581990
199085
5891
9185
581991
199185
5892
9285
581992
199285
5893
9385
581993
199385
5894
9485
581994
199485
5895
9585
581995
199585
5896
9685
581996
199685
5897
9785
581997
199785
5898
9885
581998
199885
5990
9095
591990
199095
5991
9195
591991
199195
5992
9295
591992
199295
5993
9395
591993
199395
5994
9495
591994
199495
5995
9595
591995
199595
5996
9695
591996
199695
5997
9795
591997
199795
5998
9895
591998
199895
51090
90105
5101990
1990105
51091
91105
5101991
1991105
51092
92105
5101992
1992105
51093
93105
5101993
1993105
51094
94105
5101994
1994105
51095
95105
5101995
1995105
51096
96105
5101996
1996105
51097
97105
5101997
1997105
51098
98105
5101998
1998105
51190
90115
5111990
1990115
51191
91115
5111991
1991115
51192
92115
5111992
1992115
51193
93115
5111993
1993115
51194
94115
5111994
1994115
51195
95115
5111995
1995115
51196
96115
5111996
1996115
51197
97115
5111997
1997115
51198
98115
5111998
1998115
51290
90125
5121990
1990125
51291
91125
5121991
1991125
51292
92125
5121992
1992125
51293
93125
5121993
1993125
51294
94125
5121994
1994125
51295
95125
5121995
1995125
51296
96125
5121996
1996125
51297
97125
5121997
1997125
51298
98125
5121998
1998125
6190
9016
611990
199016
6191
9116
611991
199116
6192
9216
611992
199216
6193
9316
611993
199316
6194
9416
611994
199416
6195
9516
611995
199516
6196
9616
611996
199616
6197
9716
611997
199716
6198
9816
611998
199816
6290
9026
621990
199026
6291
9126
621991
199126
6292
9226
621992
199226
6293
9326
621993
199326
6294
9426
621994
199426
6295
9526
621995
199526
6296
9626
621996
199626
6297
9726
621997
199726
6298
9826
621998
199826
6390
9036
631990
199036
6391
9136
631991
199136
6392
9236
631992
199236
6393
9336
631993
199336
6394
9436
631994
199436
6395
9536
631995
199536
6396
9636
631996
199636
6397
9736
631997
199736
6398
9836
631998
199836
6490
9046
641990
199046
6491
9146
641991
199146
6492
9246
641992
199246
6493
9346
641993
199346
6494
9446
641994
199446
6495
9546
641995
199546
6496
9646
641996
199646
6497
9746
641997
199746
6498
9846
641998
199846
6590
9056
651990
199056
6591
9156
651991
199156
6592
9256
651992
199256
6593
9356
651993
199356
6594
9456
651994
199456
6595
9556
651995
199556
6596
9656
651996
199656
6597
9756
651997
199756
6598
9856
651998
199856
6690
9066
661990
199066
6691
9166
661991
199166
6692
9266
661992
199266
6693
9366
661993
199366
6694
9466
661994
199466
6695
9566
661995
199566
6696
9666
661996
199666
6697
9766
661997
199766
6698
9866
661998
199866
6790
9076
671990
199076
6791
9176
671991
199176
6792
9276
671992
199276
6793
9376
671993
199376
6794
9476
671994
199476
6795
9576
671995
199576
6796
9676
671996
199676
6797
9776
671997
199776
6798
9876
671998
199876
6890
9086
681990
199086
6891
9186
681991
199186
6892
9286
681992
199286
6893
9386
681993
199386
6894
9486
681994
199486
6895
9586
681995
199586
6896
9686
681996
199686
6897
9786
681997
199786
6898
9886
681998
199886
6990
9096
691990
199096
6991
9196
691991
199196
6992
9296
691992
199296
6993
9396
691993
199396
6994
9496
691994
199496
6995
9596
691995
199596
6996
9696
691996
199696
6997
9796
691997
199796
6998
9896
691998
199896
61090
90106
6101990
1990106
61091
91106
6101991
1991106
61092
92106
6101992
1992106
61093
93106
6101993
1993106
61094
94106
6101994
1994106
61095
95106
6101995
1995106
61096
96106
6101996
1996106
61097
97106
6101997
1997106
61098
98106
6101998
1998106
61190
90116
6111990
1990116
61191
91116
6111991
1991116
61192
92116
6111992
1992116
61193
93116
6111993
1993116
61194
94116
6111994
1994116
61195
95116
6111995
1995116
61196
96116
6111996
1996116
61197
97116
6111997
1997116
61198
98116
6111998
1998116
61290
90126
6121990
1990126
61291
91126
6121991
1991126
61292
92126
6121992
1992126
61293
93126
6121993
1993126
61294
94126
6121994
1994126
61295
95126
6121995
1995126
61296
96126
6121996
1996126
61297
97126
6121997
1997126
61298
98126
6121998
1998126
7190
9017
711990
199017
7191
9117
711991
199117
7192
9217
711992
199217
7193
9317
711993
199317
7194
9417
711994
199417
7195
9517
711995
199517
7196
9617
711996
199617
7197
9717
711997
199717
7198
9817
711998
199817
7290
9027
721990
199027
7291
9127
721991
199127
7292
9227
721992
199227
7293
9327
721993
199327
7294
9427
721994
199427
7295
9527
721995
199527
7296
9627
721996
199627
7297
9727
721997
199727
7298
9827
721998
199827
7390
9037
731990
199037
7391
9137
731991
199137
7392
9237
731992
199237
7393
9337
731993
199337
7394
9437
731994
199437
7395
9537
731995
199537
7396
9637
731996
199637
7397
9737
731997
199737
7398
9837
731998
199837
7490
9047
741990
199047
7491
9147
741991
199147
7492
9247
741992
199247
7493
9347
741993
199347
7494
9447
741994
199447
7495
9547
741995
199547
7496
9647
741996
199647
7497
9747
741997
199747
7498
9847
741998
199847
7590
9057
751990
199057
7591
9157
751991
199157
7592
9257
751992
199257
7593
9357
751993
199357
7594
9457
751994
199457
7595
9557
751995
199557
7596
9657
751996
199657
7597
9757
751997
199757
7598
9857
751998
199857
7690
9067
761990
199067
7691
9167
761991
199167
7692
9267
761992
199267
7693
9367
761993
199367
7694
9467
761994
199467
7695
9567
761995
199567
7696
9667
761996
199667
7697
9767
761997
199767
7698
9867
761998
199867
7790
9077
771990
199077
7791
9177
771991
199177
7792
9277
771992
199277
7793
9377
771993
199377
7794
9477
771994
199477
7795
9577
771995
199577
7796
9677
771996
199677
7797
9777
771997
199777
7798
9877
771998
199877
7890
9087
781990
199087
7891
9187
781991
199187
7892
9287
781992
199287
7893
9387
781993
199387
7894
9487
781994
199487
7895
9587
781995
199587
7896
9687
781996
199687
7897
9787
781997
199787
7898
9887
781998
199887
7990
9097
791990
199097
7991
9197
791991
199197
7992
9297
791992
199297
7993
9397
791993
199397
7994
9497
791994
199497
7995
9597
791995
199597
7996
9697
791996
199697
7997
9797
791997
199797
7998
9897
791998
199897
71090
90107
7101990
1990107
71091
91107
7101991
1991107
71092
92107
7101992
1992107
71093
93107
7101993
1993107
71094
94107
7101994
1994107
71095
95107
7101995
1995107
71096
96107
7101996
1996107
71097
97107
7101997
1997107
71098
98107
7101998
1998107
71190
90117
7111990
1990117
71191
91117
7111991
1991117
71192
92117
7111992
1992117
71193
93117
7111993
1993117
71194
94117
7111994
1994117
71195
95117
7111995
1995117
71196
96117
7111996
1996117
71197
97117
7111997
1997117
71198
98117
7111998
1998117
71290
90127
7121990
1990127
71291
91127
7121991
1991127
71292
92127
7121992
1992127
71293
93127
7121993
1993127
71294
94127
7121994
1994127
71295
95127
7121995
1995127
71296
96127
7121996
1996127
71297
97127
7121997
1997127
71298
98127
7121998
1998127
8190
9018
811990
199018
8191
9118
811991
199118
8192
9218
811992
199218
8193
9318
811993
199318
8194
9418
811994
199418
8195
9518
811995
199518
8196
9618
811996
199618
8197
9718
811997
199718
8198
9818
811998
199818
8290
9028
821990
199028
8291
9128
821991
199128
8292
9228
821992
199228
8293
9328
821993
199328
8294
9428
821994
199428
8295
9528
821995
199528
8296
9628
821996
199628
8297
9728
821997
199728
8298
9828
821998
199828
8390
9038
831990
199038
8391
9138
831991
199138
8392
9238
831992
199238
8393
9338
831993
199338
8394
9438
831994
199438
8395
9538
831995
199538
8396
9638
831996
199638
8397
9738
831997
199738
8398
9838
831998
199838
8490
9048
841990
199048
8491
9148
841991
199148
8492
9248
841992
199248
8493
9348
841993
199348
8494
9448
841994
199448
8495
9548
841995
199548
8496
9648
841996
199648
8497
9748
841997
199748
8498
9848
841998
199848
8590
9058
851990
199058
8591
9158
851991
199158
8592
9258
851992
199258
8593
9358
851993
199358
8594
9458
851994
199458
8595
9558
851995
199558
8596
9658
851996
199658
8597
9758
851997
199758
8598
9858
851998
199858
8690
9068
861990
199068
8691
9168
861991
199168
8692
9268
861992
199268
8693
9368
861993
199368
8694
9468
861994
199468
8695
9568
861995
199568
8696
9668
861996
199668
8697
9768
861997
199768
8698
9868
861998
199868
8790
9078
871990
199078
8791
9178
871991
199178
8792
9278
871992
199278
8793
9378
871993
199378
8794
9478
871994
199478
8795
9578
871995
199578
8796
9678
871996
199678
8797
9778
871997
199778
8798
9878
871998
199878
8890
9088
881990
199088
8891
9188
881991
199188
8892
9288
881992
199288
8893
9388
881993
199388
8894
9488
881994
199488
8895
9588
881995
199588
8896
9688
881996
199688
8897
9788
881997
199788
8898
9888
881998
199888
8990
9098
891990
199098
8991
9198
891991
199198
8992
9298
891992
199298
8993
9398
891993
199398
8994
9498
891994
199498
8995
9598
891995
199598
8996
9698
891996
199698
8997
9798
891997
199798
8998
9898
891998
199898
81090
90108
8101990
1990108
81091
91108
8101991
1991108
81092
92108
8101992
1992108
81093
93108
8101993
1993108
81094
94108
8101994
1994108
81095
95108
8101995
1995108
81096
96108
8101996
1996108
81097
97108
8101997
1997108
81098
98108
8101998
1998108
81190
90118
8111990
1990118
81191
91118
8111991
1991118
81192
92118
8111992
1992118
81193
93118
8111993
1993118
81194
94118
8111994
1994118
81195
95118
8111995
1995118
81196
96118
8111996
1996118
81197
97118
8111997
1997118
81198
98118
8111998
1998118
81290
90128
8121990
1990128
81291
91128
8121991
1991128
81292
92128
8121992
1992128
81293
93128
8121993
1993128
81294
94128
8121994
1994128
81295
95128
8121995
1995128
81296
96128
8121996
1996128
81297
97128
8121997
1997128
81298
98128
8121998
1998128
9190
9019
911990
199019
9191
9119
911991
199119
9192
9219
911992
199219
9193
9319
911993
199319
9194
9419
911994
199419
9195
9519
911995
199519
9196
9619
911996
199619
9197
9719
911997
199719
9198
9819
911998
199819
9290
9029
921990
199029
9291
9129
921991
199129
9292
9229
921992
199229
9293
9329
921993
199329
9294
9429
921994
199429
9295
9529
921995
199529
9296
9629
921996
199629
9297
9729
921997
199729
9298
9829
921998
199829
9390
9039
931990
199039
9391
9139
931991
199139
9392
9239
931992
199239
9393
9339
931993
199339
9394
9439
931994
199439
9395
9539
931995
199539
9396
9639
931996
199639
9397
9739
931997
199739
9398
9839
931998
199839
9490
9049
941990
199049
9491
9149
941991
199149
9492
9249
941992
199249
9493
9349
941993
199349
9494
9449
941994
199449
9495
9549
941995
199549
9496
9649
941996
199649
9497
9749
941997
199749
9498
9849
941998
199849
9590
9059
951990
199059
9591
9159
951991
199159
9592
9259
951992
199259
9593
9359
951993
199359
9594
9459
951994
199459
9595
9559
951995
199559
9596
9659
951996
199659
9597
9759
951997
199759
9598
9859
951998
199859
9690
9069
961990
199069
9691
9169
961991
199169
9692
9269
961992
199269
9693
9369
961993
199369
9694
9469
961994
199469
9695
9569
961995
199569
9696
9669
961996
199669
9697
9769
961997
199769
9698
9869
961998
199869
9790
9079
971990
199079
9791
9179
971991
199179
9792
9279
971992
199279
9793
9379
971993
199379
9794
9479
971994
199479
9795
9579
971995
199579
9796
9679
971996
199679
9797
9779
971997
199779
9798
9879
971998
199879
9890
9089
981990
199089
9891
9189
981991
199189
9892
9289
981992
199289
9893
9389
981993
199389
9894
9489
981994
199489
9895
9589
981995
199589
9896
9689
981996
199689
9897
9789
981997
199789
9898
9889
981998
199889
9990
9099
991990
199099
9991
9199
991991
199199
9992
9299
991992
199299
9993
9399
991993
199399
9994
9499
991994
199499
9995
9599
991995
199599
9996
9699
991996
199699
9997
9799
991997
199799
9998
9899
991998
199899
91090
90109
9101990
1990109
91091
91109
9101991
1991109
91092
92109
9101992
1992109
91093
93109
9101993
1993109
91094
94109
9101994
1994109
91095
95109
9101995
1995109
91096
96109
9101996
1996109
91097
97109
9101997
1997109
91098
98109
9101998
1998109
91190
90119
9111990
1990119
91191
91119
9111991
1991119
91192
92119
9111992
1992119
91193
93119
9111993
1993119
91194
94119
9111994
1994119
91195
95119
9111995
1995119
91196
96119
9111996
1996119
91197
97119
9111997
1997119
91198
98119
9111998
1998119
91290
90129
9121990
1990129
91291
91129
9121991
1991129
91292
92129
9121992
1992129
91293
93129
9121993
1993129
91294
94129
9121994
1994129
91295
95129
9121995
1995129
91296
96129
9121996
1996129
91297
97129
9121997
1997129
91298
98129
9121998
1998129
10190
90110
1011990
1990110
10191
91110
1011991
1991110
10192
92110
1011992
1992110
10193
93110
1011993
1993110
10194
94110
1011994
1994110
10195
95110
1011995
1995110
10196
96110
1011996
1996110
10197
97110
1011997
1997110
10198
98110
1011998
1998110
10290
90210
1021990
1990210
10291
91210
1021991
1991210
10292
92210
1021992
1992210
10293
93210
1021993
1993210
10294
94210
1021994
1994210
10295
95210
1021995
1995210
10296
96210
1021996
1996210
10297
97210
1021997
1997210
10298
98210
1021998
1998210
10390
90310
1031990
1990310
10391
91310
1031991
1991310
10392
92310
1031992
1992310
10393
93310
1031993
1993310
10394
94310
1031994
1994310
10395
95310
1031995
1995310
10396
96310
1031996
1996310
10397
97310
1031997
1997310
10398
98310
1031998
1998310
10490
90410
1041990
1990410
10491
91410
1041991
1991410
10492
92410
1041992
1992410
10493
93410
1041993
1993410
10494
94410
1041994
1994410
10495
95410
1041995
1995410
10496
96410
1041996
1996410
10497
97410
1041997
1997410
10498
98410
1041998
1998410
10590
90510
1051990
1990510
10591
91510
1051991
1991510
10592
92510
1051992
1992510
10593
93510
1051993
1993510
10594
94510
1051994
1994510
10595
95510
1051995
1995510
10596
96510
1051996
1996510
10597
97510
1051997
1997510
10598
98510
1051998
1998510
10690
90610
1061990
1990610
10691
91610
1061991
1991610
10692
92610
1061992
1992610
10693
93610
1061993
1993610
10694
94610
1061994
1994610
10695
95610
1061995
1995610
10696
96610
1061996
1996610
10697
97610
1061997
1997610
10698
98610
1061998
1998610
10790
90710
1071990
1990710
10791
91710
1071991
1991710
10792
92710
1071992
1992710
10793
93710
1071993
1993710
10794
94710
1071994
1994710
10795
95710
1071995
1995710
10796
96710
1071996
1996710
10797
97710
1071997
1997710
10798
98710
1071998
1998710
10890
90810
1081990
1990810
10891
91810
1081991
1991810
10892
92810
1081992
1992810
10893
93810
1081993
1993810
10894
94810
1081994
1994810
10895
95810
1081995
1995810
10896
96810
1081996
1996810
10897
97810
1081997
1997810
10898
98810
1081998
1998810
10990
90910
1091990
1990910
10991
91910
1091991
1991910
10992
92910
1091992
1992910
10993
93910
1091993
1993910
10994
94910
1091994
1994910
10995
95910
1091995
1995910
10996
96910
1091996
1996910
10997
97910
1091997
1997910
10998
98910
1091998
1998910
101090
901010
10101990
19901010
101091
911010
10101991
19911010
101092
921010
10101992
19921010
101093
931010
10101993
19931010
101094
941010
10101994
19941010
101095
951010
10101995
19951010
101096
961010
10101996
19961010
101097
971010
10101997
19971010
101098
981010
10101998
19981010
101190
901110
10111990
19901110
101191
911110
10111991
19911110
101192
921110
10111992
19921110
101193
931110
10111993
19931110
101194
941110
10111994
19941110
101195
951110
10111995
19951110
101196
961110
10111996
19961110
101197
971110
10111997
19971110
101198
981110
10111998
19981110
101290
901210
10121990
19901210
101291
911210
10121991
19911210
101292
921210
10121992
19921210
101293
931210
10121993
19931210
101294
941210
10121994
19941210
101295
951210
10121995
19951210
101296
961210
10121996
19961210
101297
971210
10121997
19971210
101298
981210
10121998
19981210
11190
90111
1111990
1990111
11191
91111
1111991
1991111
11192
92111
1111992
1992111
11193
93111
1111993
1993111
11194
94111
1111994
1994111
11195
95111
1111995
1995111
11196
96111
1111996
1996111
11197
97111
1111997
1997111
11198
98111
1111998
1998111
11290
90211
1121990
1990211
11291
91211
1121991
1991211
11292
92211
1121992
1992211
11293
93211
1121993
1993211
11294
94211
1121994
1994211
11295
95211
1121995
1995211
11296
96211
1121996
1996211
11297
97211
1121997
1997211
11298
98211
1121998
1998211
11390
90311
1131990
1990311
11391
91311
1131991
1991311
11392
92311
1131992
1992311
11393
93311
1131993
1993311
11394
94311
1131994
1994311
11395
95311
1131995
1995311
11396
96311
1131996
1996311
11397
97311
1131997
1997311
11398
98311
1131998
1998311
11490
90411
1141990
1990411
11491
91411
1141991
1991411
11492
92411
1141992
1992411
11493
93411
1141993
1993411
11494
94411
1141994
1994411
11495
95411
1141995
1995411
11496
96411
1141996
1996411
11497
97411
1141997
1997411
11498
98411
1141998
1998411
11590
90511
1151990
1990511
11591
91511
1151991
1991511
11592
92511
1151992
1992511
11593
93511
1151993
1993511
11594
94511
1151994
1994511
11595
95511
1151995
1995511
11596
96511
1151996
1996511
11597
97511
1151997
1997511
11598
98511
1151998
1998511
11690
90611
1161990
1990611
11691
91611
1161991
1991611
11692
92611
1161992
1992611
11693
93611
1161993
1993611
11694
94611
1161994
1994611
11695
95611
1161995
1995611
11696
96611
1161996
1996611
11697
97611
1161997
1997611
11698
98611
1161998
1998611
11790
90711
1171990
1990711
11791
91711
1171991
1991711
11792
92711
1171992
1992711
11793
93711
1171993
1993711
11794
94711
1171994
1994711
11795
95711
1171995
1995711
11796
96711
1171996
1996711
11797
97711
1171997
1997711
11798
98711
1171998
1998711
11890
90811
1181990
1990811
11891
91811
1181991
1991811
11892
92811
1181992
1992811
11893
93811
1181993
1993811
11894
94811
1181994
1994811
11895
95811
1181995
1995811
11896
96811
1181996
1996811
11897
97811
1181997
1997811
11898
98811
1181998
1998811
11990
90911
1191990
1990911
11991
91911
1191991
1991911
11992
92911
1191992
1992911
11993
93911
1191993
1993911
11994
94911
1191994
1994911
11995
95911
1191995
1995911
11996
96911
1191996
1996911
11997
97911
1191997
1997911
11998
98911
1191998
1998911
111090
901011
11101990
19901011
111091
911011
11101991
19911011
111092
921011
11101992
19921011
111093
931011
11101993
19931011
111094
941011
11101994
19941011
111095
951011
11101995
19951011
111096
961011
11101996
19961011
111097
971011
11101997
19971011
111098
981011
11101998
19981011
111190
901111
11111990
19901111
111191
911111
11111991
19911111
111192
921111
11111992
19921111
111193
931111
11111993
19931111
111194
941111
11111994
19941111
111195
951111
11111995
19951111
111196
961111
11111996
19961111
111197
971111
11111997
19971111
111198
981111
11111998
19981111
111290
901211
11121990
19901211
111291
911211
11121991
19911211
111292
921211
11121992
19921211
111293
931211
11121993
19931211
111294
941211
11121994
19941211
111295
951211
11121995
19951211
111296
961211
11121996
19961211
111297
971211
11121997
19971211
111298
981211
11121998
19981211
12190
90112
1211990
1990112
12191
91112
1211991
1991112
12192
92112
1211992
1992112
12193
93112
1211993
1993112
12194
94112
1211994
1994112
12195
95112
1211995
1995112
12196
96112
1211996
1996112
12197
97112
1211997
1997112
12198
98112
1211998
1998112
12290
90212
1221990
1990212
12291
91212
1221991
1991212
12292
92212
1221992
1992212
12293
93212
1221993
1993212
12294
94212
1221994
1994212
12295
95212
1221995
1995212
12296
96212
1221996
1996212
12297
97212
1221997
1997212
12298
98212
1221998
1998212
12390
90312
1231990
1990312
12391
91312
1231991
1991312
12392
92312
1231992
1992312
12393
93312
1231993
1993312
12394
94312
1231994
1994312
12395
95312
1231995
1995312
12396
96312
1231996
1996312
12397
97312
1231997
1997312
12398
98312
1231998
1998312
12490
90412
1241990
1990412
12491
91412
1241991
1991412
12492
92412
1241992
1992412
12493
93412
1241993
1993412
12494
94412
1241994
1994412
12495
95412
1241995
1995412
12496
96412
1241996
1996412
12497
97412
1241997
1997412
12498
98412
1241998
1998412
12590
90512
1251990
1990512
12591
91512
1251991
1991512
12592
92512
1251992
1992512
12593
93512
1251993
1993512
12594
94512
1251994
1994512
12595
95512
1251995
1995512
12596
96512
1251996
1996512
12597
97512
1251997
1997512
12598
98512
1251998
1998512
12690
90612
1261990
1990612
12691
91612
1261991
1991612
12692
92612
1261992
1992612
12693
93612
1261993
1993612
12694
94612
1261994
1994612
12695
95612
1261995
1995612
12696
96612
1261996
1996612
12697
97612
1261997
1997612
12698
98612
1261998
1998612
12790
90712
1271990
1990712
12791
91712
1271991
1991712
12792
92712
1271992
1992712
12793
93712
1271993
1993712
12794
94712
1271994
1994712
12795
95712
1271995
1995712
12796
96712
1271996
1996712
12797
97712
1271997
1997712
12798
98712
1271998
1998712
12890
90812
1281990
1990812
12891
91812
1281991
1991812
12892
92812
1281992
1992812
12893
93812
1281993
1993812
12894
94812
1281994
1994812
12895
95812
1281995
1995812
12896
96812
1281996
1996812
12897
97812
1281997
1997812
12898
98812
1281998
1998812
12990
90912
1291990
1990912
12991
91912
1291991
1991912
12992
92912
1291992
1992912
12993
93912
1291993
1993912
12994
94912
1291994
1994912
12995
95912
1291995
1995912
12996
96912
1291996
1996912
12997
97912
1291997
1997912
12998
98912
1291998
1998912
121090
901012
12101990
19901012
121091
911012
12101991
19911012
121092
921012
12101992
19921012
121093
931012
12101993
19931012
121094
941012
12101994
19941012
121095
951012
12101995
19951012
121096
961012
12101996
19961012
121097
971012
12101997
19971012
121098
981012
12101998
19981012
121190
901112
12111990
19901112
121191
911112
12111991
19911112
121192
921112
12111992
19921112
121193
931112
12111993
19931112
121194
941112
12111994
19941112
121195
951112
12111995
19951112
121196
961112
12111996
19961112
121197
971112
12111997
19971112
121198
981112
12111998
19981112
121290
901212
12121990
19901212
121291
911212
12121991
19911212
121292
921212
12121992
19921212
121293
931212
12121993
19931212
121294
941212
12121994
19941212
121295
951212
12121995
19951212
121296
961212
12121996
19961212
121297
971212
12121997
19971212
121298
981212
12121998
19981212
13190
90113
1311990
1990113
13191
91113
1311991
1991113
13192
92113
1311992
1992113
13193
93113
1311993
1993113
13194
94113
1311994
1994113
13195
95113
1311995
1995113
13196
96113
1311996
1996113
13197
97113
1311997
1997113
13198
98113
1311998
1998113
13290
90213
1321990
1990213
13291
91213
1321991
1991213
13292
92213
1321992
1992213
13293
93213
1321993
1993213
13294
94213
1321994
1994213
13295
95213
1321995
1995213
13296
96213
1321996
1996213
13297
97213
1321997
1997213
13298
98213
1321998
1998213
13390
90313
1331990
1990313
13391
91313
1331991
1991313
13392
92313
1331992
1992313
13393
93313
1331993
1993313
13394
94313
1331994
1994313
13395
95313
1331995
1995313
13396
96313
1331996
1996313
13397
97313
1331997
1997313
13398
98313
1331998
1998313
13490
90413
1341990
1990413
13491
91413
1341991
1991413
13492
92413
1341992
1992413
13493
93413
1341993
1993413
13494
94413
1341994
1994413
13495
95413
1341995
1995413
13496
96413
1341996
1996413
13497
97413
1341997
1997413
13498
98413
1341998
1998413
13590
90513
1351990
1990513
13591
91513
1351991
1991513
13592
92513
1351992
1992513
13593
93513
1351993
1993513
13594
94513
1351994
1994513
13595
95513
1351995
1995513
13596
96513
1351996
1996513
13597
97513
1351997
1997513
13598
98513
1351998
1998513
13690
90613
1361990
1990613
13691
91613
1361991
1991613
13692
92613
1361992
1992613
13693
93613
1361993
1993613
13694
94613
1361994
1994613
13695
95613
1361995
1995613
13696
96613
1361996
1996613
13697
97613
1361997
1997613
13698
98613
1361998
1998613
13790
90713
1371990
1990713
13791
91713
1371991
1991713
13792
92713
1371992
1992713
13793
93713
1371993
1993713
13794
94713
1371994
1994713
13795
95713
1371995
1995713
13796
96713
1371996
1996713
13797
97713
1371997
1997713
13798
98713
1371998
1998713
13890
90813
1381990
1990813
13891
91813
1381991
1991813
13892
92813
1381992
1992813
13893
93813
1381993
1993813
13894
94813
1381994
1994813
13895
95813
1381995
1995813
13896
96813
1381996
1996813
13897
97813
1381997
1997813
13898
98813
1381998
1998813
13990
90913
1391990
1990913
13991
91913
1391991
1991913
13992
92913
1391992
1992913
13993
93913
1391993
1993913
13994
94913
1391994
1994913
13995
95913
1391995
1995913
13996
96913
1391996
1996913
13997
97913
1391997
1997913
13998
98913
1391998
1998913
131090
901013
13101990
19901013
131091
911013
13101991
19911013
131092
921013
13101992
19921013
131093
931013
13101993
19931013
131094
941013
13101994
19941013
131095
951013
13101995
19951013
131096
961013
13101996
19961013
131097
971013
13101997
19971013
131098
981013
13101998
19981013
131190
901113
13111990
19901113
131191
911113
13111991
19911113
131192
921113
13111992
19921113
131193
931113
13111993
19931113
131194
941113
13111994
19941113
131195
951113
13111995
19951113
131196
961113
13111996
19961113
131197
971113
13111997
19971113
131198
981113
13111998
19981113
131290
901213
13121990
19901213
131291
911213
13121991
19911213
131292
921213
13121992
19921213
131293
931213
13121993
19931213
131294
941213
13121994
19941213
131295
951213
13121995
19951213
131296
961213
13121996
19961213
131297
971213
13121997
19971213
131298
981213
13121998
19981213
14190
90114
1411990
1990114
14191
91114
1411991
1991114
14192
92114
1411992
1992114
14193
93114
1411993
1993114
14194
94114
1411994
1994114
14195
95114
1411995
1995114
14196
96114
1411996
1996114
14197
97114
1411997
1997114
14198
98114
1411998
1998114
14290
90214
1421990
1990214
14291
91214
1421991
1991214
14292
92214
1421992
1992214
14293
93214
1421993
1993214
14294
94214
1421994
1994214
14295
95214
1421995
1995214
14296
96214
1421996
1996214
14297
97214
1421997
1997214
14298
98214
1421998
1998214
14390
90314
1431990
1990314
14391
91314
1431991
1991314
14392
92314
1431992
1992314
14393
93314
1431993
1993314
14394
94314
1431994
1994314
14395
95314
1431995
1995314
14396
96314
1431996
1996314
14397
97314
1431997
1997314
14398
98314
1431998
1998314
14490
90414
1441990
1990414
14491
91414
1441991
1991414
14492
92414
1441992
1992414
14493
93414
1441993
1993414
14494
94414
1441994
1994414
14495
95414
1441995
1995414
14496
96414
1441996
1996414
14497
97414
1441997
1997414
14498
98414
1441998
1998414
14590
90514
1451990
1990514
14591
91514
1451991
1991514
14592
92514
1451992
1992514
14593
93514
1451993
1993514
14594
94514
1451994
1994514
14595
95514
1451995
1995514
14596
96514
1451996
1996514
14597
97514
1451997
1997514
14598
98514
1451998
1998514
14690
90614
1461990
1990614
14691
91614
1461991
1991614
14692
92614
1461992
1992614
14693
93614
1461993
1993614
14694
94614
1461994
1994614
14695
95614
1461995
1995614
14696
96614
1461996
1996614
14697
97614
1461997
1997614
14698
98614
1461998
1998614
14790
90714
1471990
1990714
14791
91714
1471991
1991714
14792
92714
1471992
1992714
14793
93714
1471993
1993714
14794
94714
1471994
1994714
14795
95714
1471995
1995714
14796
96714
1471996
1996714
14797
97714
1471997
1997714
14798
98714
1471998
1998714
14890
90814
1481990
1990814
14891
91814
1481991
1991814
14892
92814
1481992
1992814
14893
93814
1481993
1993814
14894
94814
1481994
1994814
14895
95814
1481995
1995814
14896
96814
1481996
1996814
14897
97814
1481997
1997814
14898
98814
1481998
1998814
14990
90914
1491990
1990914
14991
91914
1491991
1991914
14992
92914
1491992
1992914
14993
93914
1491993
1993914
14994
94914
1491994
1994914
14995
95914
1491995
1995914
14996
96914
1491996
1996914
14997
97914
1491997
1997914
14998
98914
1491998
1998914
141090
901014
14101990
19901014
141091
911014
14101991
19911014
141092
921014
14101992
19921014
141093
931014
14101993
19931014
141094
941014
14101994
19941014
141095
951014
14101995
19951014
141096
961014
14101996
19961014
141097
971014
14101997
19971014
141098
981014
14101998
19981014
141190
901114
14111990
19901114
141191
911114
14111991
19911114
141192
921114
14111992
19921114
141193
931114
14111993
19931114
141194
941114
14111994
19941114
141195
951114
14111995
19951114
141196
961114
14111996
19961114
141197
971114
14111997
19971114
141198
981114
14111998
19981114
141290
901214
14121990
19901214
141291
911214
14121991
19911214
141292
921214
14121992
19921214
141293
931214
14121993
19931214
141294
941214
14121994
19941214
141295
951214
14121995
19951214
141296
961214
14121996
19961214
141297
971214
14121997
19971214
141298
981214
14121998
19981214
15190
90115
1511990
1990115
15191
91115
1511991
1991115
15192
92115
1511992
1992115
15193
93115
1511993
1993115
15194
94115
1511994
1994115
15195
95115
1511995
1995115
15196
96115
1511996
1996115
15197
97115
1511997
1997115
15198
98115
1511998
1998115
15290
90215
1521990
1990215
15291
91215
1521991
1991215
15292
92215
1521992
1992215
15293
93215
1521993
1993215
15294
94215
1521994
1994215
15295
95215
1521995
1995215
15296
96215
1521996
1996215
15297
97215
1521997
1997215
15298
98215
1521998
1998215
15390
90315
1531990
1990315
15391
91315
1531991
1991315
15392
92315
1531992
1992315
15393
93315
1531993
1993315
15394
94315
1531994
1994315
15395
95315
1531995
1995315
15396
96315
1531996
1996315
15397
97315
1531997
1997315
15398
98315
1531998
1998315
15490
90415
1541990
1990415
15491
91415
1541991
1991415
15492
92415
1541992
1992415
15493
93415
1541993
1993415
15494
94415
1541994
1994415
15495
95415
1541995
1995415
15496
96415
1541996
1996415
15497
97415
1541997
1997415
15498
98415
1541998
1998415
15590
90515
1551990
1990515
15591
91515
1551991
1991515
15592
92515
1551992
1992515
15593
93515
1551993
1993515
15594
94515
1551994
1994515
15595
95515
1551995
1995515
15596
96515
1551996
1996515
15597
97515
1551997
1997515
15598
98515
1551998
1998515
15690
90615
1561990
1990615
15691
91615
1561991
1991615
15692
92615
1561992
1992615
15693
93615
1561993
1993615
15694
94615
1561994
1994615
15695
95615
1561995
1995615
15696
96615
1561996
1996615
15697
97615
1561997
1997615
15698
98615
1561998
1998615
15790
90715
1571990
1990715
15791
91715
1571991
1991715
15792
92715
1571992
1992715
15793
93715
1571993
1993715
15794
94715
1571994
1994715
15795
95715
1571995
1995715
15796
96715
1571996
1996715
15797
97715
1571997
1997715
15798
98715
1571998
1998715
15890
90815
1581990
1990815
15891
91815
1581991
1991815
15892
92815
1581992
1992815
15893
93815
1581993
1993815
15894
94815
1581994
1994815
15895
95815
1581995
1995815
15896
96815
1581996
1996815
15897
97815
1581997
1997815
15898
98815
1581998
1998815
15990
90915
1591990
1990915
15991
91915
1591991
1991915
15992
92915
1591992
1992915
15993
93915
1591993
1993915
15994
94915
1591994
1994915
15995
95915
1591995
1995915
15996
96915
1591996
1996915
15997
97915
1591997
1997915
15998
98915
1591998
1998915
151090
901015
15101990
19901015
151091
911015
15101991
19911015
151092
921015
15101992
19921015
151093
931015
15101993
19931015
151094
941015
15101994
19941015
151095
951015
15101995
19951015
151096
961015
15101996
19961015
151097
971015
15101997
19971015
151098
981015
15101998
19981015
151190
901115
15111990
19901115
151191
911115
15111991
19911115
151192
921115
15111992
19921115
151193
931115
15111993
19931115
151194
941115
15111994
19941115
151195
951115
15111995
19951115
151196
961115
15111996
19961115
151197
971115
15111997
19971115
151198
981115
15111998
19981115
151290
901215
15121990
19901215
151291
911215
15121991
19911215
151292
921215
15121992
19921215
151293
931215
15121993
19931215
151294
941215
15121994
19941215
151295
951215
15121995
19951215
151296
961215
15121996
19961215
151297
971215
15121997
19971215
151298
981215
15121998
19981215
16190
90116
1611990
1990116
16191
91116
1611991
1991116
16192
92116
1611992
1992116
16193
93116
1611993
1993116
16194
94116
1611994
1994116
16195
95116
1611995
1995116
16196
96116
1611996
1996116
16197
97116
1611997
1997116
16198
98116
1611998
1998116
16290
90216
1621990
1990216
16291
91216
1621991
1991216
16292
92216
1621992
1992216
16293
93216
1621993
1993216
16294
94216
1621994
1994216
16295
95216
1621995
1995216
16296
96216
1621996
1996216
16297
97216
1621997
1997216
16298
98216
1621998
1998216
16390
90316
1631990
1990316
16391
91316
1631991
1991316
16392
92316
1631992
1992316
16393
93316
1631993
1993316
16394
94316
1631994
1994316
16395
95316
1631995
1995316
16396
96316
1631996
1996316
16397
97316
1631997
1997316
16398
98316
1631998
1998316
16490
90416
1641990
1990416
16491
91416
1641991
1991416
16492
92416
1641992
1992416
16493
93416
1641993
1993416
16494
94416
1641994
1994416
16495
95416
1641995
1995416
16496
96416
1641996
1996416
16497
97416
1641997
1997416
16498
98416
1641998
1998416
16590
90516
1651990
1990516
16591
91516
1651991
1991516
16592
92516
1651992
1992516
16593
93516
1651993
1993516
16594
94516
1651994
1994516
16595
95516
1651995
1995516
16596
96516
1651996
1996516
16597
97516
1651997
1997516
16598
98516
1651998
1998516
16690
90616
1661990
1990616
16691
91616
1661991
1991616
16692
92616
1661992
1992616
16693
93616
1661993
1993616
16694
94616
1661994
1994616
16695
95616
1661995
1995616
16696
96616
1661996
1996616
16697
97616
1661997
1997616
16698
98616
1661998
1998616
16790
90716
1671990
1990716
16791
91716
1671991
1991716
16792
92716
1671992
1992716
16793
93716
1671993
1993716
16794
94716
1671994
1994716
16795
95716
1671995
1995716
16796
96716
1671996
1996716
16797
97716
1671997
1997716
16798
98716
1671998
1998716
16890
90816
1681990
1990816
16891
91816
1681991
1991816
16892
92816
1681992
1992816
16893
93816
1681993
1993816
16894
94816
1681994
1994816
16895
95816
1681995
1995816
16896
96816
1681996
1996816
16897
97816
1681997
1997816
16898
98816
1681998
1998816
16990
90916
1691990
1990916
16991
91916
1691991
1991916
16992
92916
1691992
1992916
16993
93916
1691993
1993916
16994
94916
1691994
1994916
16995
95916
1691995
1995916
16996
96916
1691996
1996916
16997
97916
1691997
1997916
16998
98916
1691998
1998916
161090
901016
16101990
19901016
161091
911016
16101991
19911016
161092
921016
16101992
19921016
161093
931016
16101993
19931016
161094
941016
16101994
19941016
161095
951016
16101995
19951016
161096
961016
16101996
19961016
161097
971016
16101997
19971016
161098
981016
16101998
19981016
161190
901116
16111990
19901116
161191
911116
16111991
19911116
161192
921116
16111992
19921116
161193
931116
16111993
19931116
161194
941116
16111994
19941116
161195
951116
16111995
19951116
161196
961116
16111996
19961116
161197
971116
16111997
19971116
161198
981116
16111998
19981116
161290
901216
16121990
19901216
161291
911216
16121991
19911216
161292
921216
16121992
19921216
161293
931216
16121993
19931216
161294
941216
16121994
19941216
161295
951216
16121995
19951216
161296
961216
16121996
19961216
161297
971216
16121997
19971216
161298
981216
16121998
19981216
17190
90117
1711990
1990117
17191
91117
1711991
1991117
17192
92117
1711992
1992117
17193
93117
1711993
1993117
17194
94117
1711994
1994117
17195
95117
1711995
1995117
17196
96117
1711996
1996117
17197
97117
1711997
1997117
17198
98117
1711998
1998117
17290
90217
1721990
1990217
17291
91217
1721991
1991217
17292
92217
1721992
1992217
17293
93217
1721993
1993217
17294
94217
1721994
1994217
17295
95217
1721995
1995217
17296
96217
1721996
1996217
17297
97217
1721997
1997217
17298
98217
1721998
1998217
17390
90317
1731990
1990317
17391
91317
1731991
1991317
17392
92317
1731992
1992317
17393
93317
1731993
1993317
17394
94317
1731994
1994317
17395
95317
1731995
1995317
17396
96317
1731996
1996317
17397
97317
1731997
1997317
17398
98317
1731998
1998317
17490
90417
1741990
1990417
17491
91417
1741991
1991417
17492
92417
1741992
1992417
17493
93417
1741993
1993417
17494
94417
1741994
1994417
17495
95417
1741995
1995417
17496
96417
1741996
1996417
17497
97417
1741997
1997417
17498
98417
1741998
1998417
17590
90517
1751990
1990517
17591
91517
1751991
1991517
17592
92517
1751992
1992517
17593
93517
1751993
1993517
17594
94517
1751994
1994517
17595
95517
1751995
1995517
17596
96517
1751996
1996517
17597
97517
1751997
1997517
17598
98517
1751998
1998517
17690
90617
1761990
1990617
17691
91617
1761991
1991617
17692
92617
1761992
1992617
17693
93617
1761993
1993617
17694
94617
1761994
1994617
17695
95617
1761995
1995617
17696
96617
1761996
1996617
17697
97617
1761997
1997617
17698
98617
1761998
1998617
17790
90717
1771990
1990717
17791
91717
1771991
1991717
17792
92717
1771992
1992717
17793
93717
1771993
1993717
17794
94717
1771994
1994717
17795
95717
1771995
1995717
17796
96717
1771996
1996717
17797
97717
1771997
1997717
17798
98717
1771998
1998717
17890
90817
1781990
1990817
17891
91817
1781991
1991817
17892
92817
1781992
1992817
17893
93817
1781993
1993817
17894
94817
1781994
1994817
17895
95817
1781995
1995817
17896
96817
1781996
1996817
17897
97817
1781997
1997817
17898
98817
1781998
1998817
17990
90917
1791990
1990917
17991
91917
1791991
1991917
17992
92917
1791992
1992917
17993
93917
1791993
1993917
17994
94917
1791994
1994917
17995
95917
1791995
1995917
17996
96917
1791996
1996917
17997
97917
1791997
1997917
17998
98917
1791998
1998917
171090
901017
17101990
19901017
171091
911017
17101991
19911017
171092
921017
17101992
19921017
171093
931017
17101993
19931017
171094
941017
17101994
19941017
171095
951017
17101995
19951017
171096
961017
17101996
19961017
171097
971017
17101997
19971017
171098
981017
17101998
19981017
171190
901117
17111990
19901117
171191
911117
17111991
19911117
171192
921117
17111992
19921117
171193
931117
17111993
19931117
171194
941117
17111994
19941117
171195
951117
17111995
19951117
171196
961117
17111996
19961117
171197
971117
17111997
19971117
171198
981117
17111998
19981117
171290
901217
17121990
19901217
171291
911217
17121991
19911217
171292
921217
17121992
19921217
171293
931217
17121993
19931217
171294
941217
17121994
19941217
171295
951217
17121995
19951217
171296
961217
17121996
19961217
171297
971217
17121997
19971217
171298
981217
17121998
19981217
18190
90118
1811990
1990118
18191
91118
1811991
1991118
18192
92118
1811992
1992118
18193
93118
1811993
1993118
18194
94118
1811994
1994118
18195
95118
1811995
1995118
18196
96118
1811996
1996118
18197
97118
1811997
1997118
18198
98118
1811998
1998118
18290
90218
1821990
1990218
18291
91218
1821991
1991218
18292
92218
1821992
1992218
18293
93218
1821993
1993218
18294
94218
1821994
1994218
18295
95218
1821995
1995218
18296
96218
1821996
1996218
18297
97218
1821997
1997218
18298
98218
1821998
1998218
18390
90318
1831990
1990318
18391
91318
1831991
1991318
18392
92318
1831992
1992318
18393
93318
1831993
1993318
18394
94318
1831994
1994318
18395
95318
1831995
1995318
18396
96318
1831996
1996318
18397
97318
1831997
1997318
18398
98318
1831998
1998318
18490
90418
1841990
1990418
18491
91418
1841991
1991418
18492
92418
1841992
1992418
18493
93418
1841993
1993418
18494
94418
1841994
1994418
18495
95418
1841995
1995418
18496
96418
1841996
1996418
18497
97418
1841997
1997418
18498
98418
1841998
1998418
18590
90518
1851990
1990518
18591
91518
1851991
1991518
18592
92518
1851992
1992518
18593
93518
1851993
1993518
18594
94518
1851994
1994518
18595
95518
1851995
1995518
18596
96518
1851996
1996518
18597
97518
1851997
1997518
18598
98518
1851998
1998518
18690
90618
1861990
1990618
18691
91618
1861991
1991618
18692
92618
1861992
1992618
18693
93618
1861993
1993618
18694
94618
1861994
1994618
18695
95618
1861995
1995618
18696
96618
1861996
1996618
18697
97618
1861997
1997618
18698
98618
1861998
1998618
18790
90718
1871990
1990718
18791
91718
1871991
1991718
18792
92718
1871992
1992718
18793
93718
1871993
1993718
18794
94718
1871994
1994718
18795
95718
1871995
1995718
18796
96718
1871996
1996718
18797
97718
1871997
1997718
18798
98718
1871998
1998718
18890
90818
1881990
1990818
18891
91818
1881991
1991818
18892
92818
1881992
1992818
18893
93818
1881993
1993818
18894
94818
1881994
1994818
18895
95818
1881995
1995818
18896
96818
1881996
1996818
18897
97818
1881997
1997818
18898
98818
1881998
1998818
18990
90918
1891990
1990918
18991
91918
1891991
1991918
18992
92918
1891992
1992918
18993
93918
1891993
1993918
18994
94918
1891994
1994918
18995
95918
1891995
1995918
18996
96918
1891996
1996918
18997
97918
1891997
1997918
18998
98918
1891998
1998918
181090
901018
18101990
19901018
181091
911018
18101991
19911018
181092
921018
18101992
19921018
181093
931018
18101993
19931018
181094
941018
18101994
19941018
181095
951018
18101995
19951018
181096
961018
18101996
19961018
181097
971018
18101997
19971018
181098
981018
18101998
19981018
181190
901118
18111990
19901118
181191
911118
18111991
19911118
181192
921118
18111992
19921118
181193
931118
18111993
19931118
181194
941118
18111994
19941118
181195
951118
18111995
19951118
181196
961118
18111996
19961118
181197
971118
18111997
19971118
181198
981118
18111998
19981118
181290
901218
18121990
19901218
181291
911218
18121991
19911218
181292
921218
18121992
19921218
181293
931218
18121993
19931218
181294
941218
18121994
19941218
181295
951218
18121995
19951218
181296
961218
18121996
19961218
181297
971218
18121997
19971218
181298
981218
18121998
19981218
19190
90119
1911990
1990119
19191
91119
1911991
1991119
19192
92119
1911992
1992119
19193
93119
1911993
1993119
19194
94119
1911994
1994119
19195
95119
1911995
1995119
19196
96119
1911996
1996119
19197
97119
1911997
1997119
19198
98119
1911998
1998119
19290
90219
1921990
1990219
19291
91219
1921991
1991219
19292
92219
1921992
1992219
19293
93219
1921993
1993219
19294
94219
1921994
1994219
19295
95219
1921995
1995219
19296
96219
1921996
1996219
19297
97219
1921997
1997219
19298
98219
1921998
1998219
19390
90319
1931990
1990319
19391
91319
1931991
1991319
19392
92319
1931992
1992319
19393
93319
1931993
1993319
19394
94319
1931994
1994319
19395
95319
1931995
1995319
19396
96319
1931996
1996319
19397
97319
1931997
1997319
19398
98319
1931998
1998319
19490
90419
1941990
1990419
19491
91419
1941991
1991419
19492
92419
1941992
1992419
19493
93419
1941993
1993419
19494
94419
1941994
1994419
19495
95419
1941995
1995419
19496
96419
1941996
1996419
19497
97419
1941997
1997419
19498
98419
1941998
1998419
19590
90519
1951990
1990519
19591
91519
1951991
1991519
19592
92519
1951992
1992519
19593
93519
1951993
1993519
19594
94519
1951994
1994519
19595
95519
1951995
1995519
19596
96519
1951996
1996519
19597
97519
1951997
1997519
19598
98519
1951998
1998519
19690
90619
1961990
1990619
19691
91619
1961991
1991619
19692
92619
1961992
1992619
19693
93619
1961993
1993619
19694
94619
1961994
1994619
19695
95619
1961995
1995619
19696
96619
1961996
1996619
19697
97619
1961997
1997619
19698
98619
1961998
1998619
19790
90719
1971990
1990719
19791
91719
1971991
1991719
19792
92719
1971992
1992719
19793
93719
1971993
1993719
19794
94719
1971994
1994719
19795
95719
1971995
1995719
19796
96719
1971996
1996719
19797
97719
1971997
1997719
19798
98719
1971998
1998719
19890
90819
1981990
1990819
19891
91819
1981991
1991819
19892
92819
1981992
1992819
19893
93819
1981993
1993819
19894
94819
1981994
1994819
19895
95819
1981995
1995819
19896
96819
1981996
1996819
19897
97819
1981997
1997819
19898
98819
1981998
1998819
19990
90919
1991990
1990919
19991
91919
1991991
1991919
19992
92919
1991992
1992919
19993
93919
1991993
1993919
19994
94919
1991994
1994919
19995
95919
1991995
1995919
19996
96919
1991996
1996919
19997
97919
1991997
1997919
19998
98919
1991998
1998919
191090
901019
19101990
19901019
191091
911019
19101991
19911019
191092
921019
19101992
19921019
191093
931019
19101993
19931019
191094
941019
19101994
19941019
191095
951019
19101995
19951019
191096
961019
19101996
19961019
191097
971019
19101997
19971019
191098
981019
19101998
19981019
191190
901119
19111990
19901119
191191
911119
19111991
19911119
191192
921119
19111992
19921119
191193
931119
19111993
19931119
191194
941119
19111994
19941119
191195
951119
19111995
19951119
191196
961119
19111996
19961119
191197
971119
19111997
19971119
191198
981119
19111998
19981119
191290
901219
19121990
19901219
191291
911219
19121991
19911219
191292
921219
19121992
19921219
191293
931219
19121993
19931219
191294
941219
19121994
19941219
191295
951219
19121995
19951219
191296
961219
19121996
19961219
191297
971219
19121997
19971219
191298
981219
19121998
19981219
20190
90120
2011990
1990120
20191
91120
2011991
1991120
20192
92120
2011992
1992120
20193
93120
2011993
1993120
20194
94120
2011994
1994120
20195
95120
2011995
1995120
20196
96120
2011996
1996120
20197
97120
2011997
1997120
20198
98120
2011998
1998120
20290
90220
2021990
1990220
20291
91220
2021991
1991220
20292
92220
2021992
1992220
20293
93220
2021993
1993220
20294
94220
2021994
1994220
20295
95220
2021995
1995220
20296
96220
2021996
1996220
20297
97220
2021997
1997220
20298
98220
2021998
1998220
20390
90320
2031990
1990320
20391
91320
2031991
1991320
20392
92320
2031992
1992320
20393
93320
2031993
1993320
20394
94320
2031994
1994320
20395
95320
2031995
1995320
20396
96320
2031996
1996320
20397
97320
2031997
1997320
20398
98320
2031998
1998320
20490
90420
2041990
1990420
20491
91420
2041991
1991420
20492
92420
2041992
1992420
20493
93420
2041993
1993420
20494
94420
2041994
1994420
20495
95420
2041995
1995420
20496
96420
2041996
1996420
20497
97420
2041997
1997420
20498
98420
2041998
1998420
20590
90520
2051990
1990520
20591
91520
2051991
1991520
20592
92520
2051992
1992520
20593
93520
2051993
1993520
20594
94520
2051994
1994520
20595
95520
2051995
1995520
20596
96520
2051996
1996520
20597
97520
2051997
1997520
20598
98520
2051998
1998520
20690
90620
2061990
1990620
20691
91620
2061991
1991620
20692
92620
2061992
1992620
20693
93620
2061993
1993620
20694
94620
2061994
1994620
20695
95620
2061995
1995620
20696
96620
2061996
1996620
20697
97620
2061997
1997620
20698
98620
2061998
1998620
20790
90720
2071990
1990720
20791
91720
2071991
1991720
20792
92720
2071992
1992720
20793
93720
2071993
1993720
20794
94720
2071994
1994720
20795
95720
2071995
1995720
20796
96720
2071996
1996720
20797
97720
2071997
1997720
20798
98720
2071998
1998720
20890
90820
2081990
1990820
20891
91820
2081991
1991820
20892
92820
2081992
1992820
20893
93820
2081993
1993820
20894
94820
2081994
1994820
20895
95820
2081995
1995820
20896
96820
2081996
1996820
20897
97820
2081997
1997820
20898
98820
2081998
1998820
20990
90920
2091990
1990920
20991
91920
2091991
1991920
20992
92920
2091992
1992920
20993
93920
2091993
1993920
20994
94920
2091994
1994920
20995
95920
2091995
1995920
20996
96920
2091996
1996920
20997
97920
2091997
1997920
20998
98920
2091998
1998920
201090
901020
20101990
19901020
201091
911020
20101991
19911020
201092
921020
20101992
19921020
201093
931020
20101993
19931020
201094
941020
20101994
19941020
201095
951020
20101995
19951020
201096
961020
20101996
19961020
201097
971020
20101997
19971020
201098
981020
20101998
19981020
201190
901120
20111990
19901120
201191
911120
20111991
19911120
201192
921120
20111992
19921120
201193
931120
20111993
19931120
201194
941120
20111994
19941120
201195
951120
20111995
19951120
201196
961120
20111996
19961120
201197
971120
20111997
19971120
201198
981120
20111998
19981120
201290
901220
20121990
19901220
201291
911220
20121991
19911220
201292
921220
20121992
19921220
201293
931220
20121993
19931220
201294
941220
20121994
19941220
201295
951220
20121995
19951220
201296
961220
20121996
19961220
201297
971220
20121997
19971220
201298
981220
20121998
19981220
21190
90121
2111990
1990121
21191
91121
2111991
1991121
21192
92121
2111992
1992121
21193
93121
2111993
1993121
21194
94121
2111994
1994121
21195
95121
2111995
1995121
21196
96121
2111996
1996121
21197
97121
2111997
1997121
21198
98121
2111998
1998121
21290
90221
2121990
1990221
21291
91221
2121991
1991221
21292
92221
2121992
1992221
21293
93221
2121993
1993221
21294
94221
2121994
1994221
21295
95221
2121995
1995221
21296
96221
2121996
1996221
21297
97221
2121997
1997221
21298
98221
2121998
1998221
21390
90321
2131990
1990321
21391
91321
2131991
1991321
21392
92321
2131992
1992321
21393
93321
2131993
1993321
21394
94321
2131994
1994321
21395
95321
2131995
1995321
21396
96321
2131996
1996321
21397
97321
2131997
1997321
21398
98321
2131998
1998321
21490
90421
2141990
1990421
21491
91421
2141991
1991421
21492
92421
2141992
1992421
21493
93421
2141993
1993421
21494
94421
2141994
1994421
21495
95421
2141995
1995421
21496
96421
2141996
1996421
21497
97421
2141997
1997421
21498
98421
2141998
1998421
21590
90521
2151990
1990521
21591
91521
2151991
1991521
21592
92521
2151992
1992521
21593
93521
2151993
1993521
21594
94521
2151994
1994521
21595
95521
2151995
1995521
21596
96521
2151996
1996521
21597
97521
2151997
1997521
21598
98521
2151998
1998521
21690
90621
2161990
1990621
21691
91621
2161991
1991621
21692
92621
2161992
1992621
21693
93621
2161993
1993621
21694
94621
2161994
1994621
21695
95621
2161995
1995621
21696
96621
2161996
1996621
21697
97621
2161997
1997621
21698
98621
2161998
1998621
21790
90721
2171990
1990721
21791
91721
2171991
1991721
21792
92721
2171992
1992721
21793
93721
2171993
1993721
21794
94721
2171994
1994721
21795
95721
2171995
1995721
21796
96721
2171996
1996721
21797
97721
2171997
1997721
21798
98721
2171998
1998721
21890
90821
2181990
1990821
21891
91821
2181991
1991821
21892
92821
2181992
1992821
21893
93821
2181993
1993821
21894
94821
2181994
1994821
21895
95821
2181995
1995821
21896
96821
2181996
1996821
21897
97821
2181997
1997821
21898
98821
2181998
1998821
21990
90921
2191990
1990921
21991
91921
2191991
1991921
21992
92921
2191992
1992921
21993
93921
2191993
1993921
21994
94921
2191994
1994921
21995
95921
2191995
1995921
21996
96921
2191996
1996921
21997
97921
2191997
1997921
21998
98921
2191998
1998921
211090
901021
21101990
19901021
211091
911021
21101991
19911021
211092
921021
21101992
19921021
211093
931021
21101993
19931021
211094
941021
21101994
19941021
211095
951021
21101995
19951021
211096
961021
21101996
19961021
211097
971021
21101997
19971021
211098
981021
21101998
19981021
211190
901121
21111990
19901121
211191
911121
21111991
19911121
211192
921121
21111992
19921121
211193
931121
21111993
19931121
211194
941121
21111994
19941121
211195
951121
21111995
19951121
211196
961121
21111996
19961121
211197
971121
21111997
19971121
211198
981121
21111998
19981121
211290
901221
21121990
19901221
211291
911221
21121991
19911221
211292
921221
21121992
19921221
211293
931221
21121993
19931221
211294
941221
21121994
19941221
211295
951221
21121995
19951221
211296
961221
21121996
19961221
211297
971221
21121997
19971221
211298
981221
21121998
19981221
22190
90122
2211990
1990122
22191
91122
2211991
1991122
22192
92122
2211992
1992122
22193
93122
2211993
1993122
22194
94122
2211994
1994122
22195
95122
2211995
1995122
22196
96122
2211996
1996122
22197
97122
2211997
1997122
22198
98122
2211998
1998122
22290
90222
2221990
1990222
22291
91222
2221991
1991222
22292
92222
2221992
1992222
22293
93222
2221993
1993222
22294
94222
2221994
1994222
22295
95222
2221995
1995222
22296
96222
2221996
1996222
22297
97222
2221997
1997222
22298
98222
2221998
1998222
22390
90322
2231990
1990322
22391
91322
2231991
1991322
22392
92322
2231992
1992322
22393
93322
2231993
1993322
22394
94322
2231994
1994322
22395
95322
2231995
1995322
22396
96322
2231996
1996322
22397
97322
2231997
1997322
22398
98322
2231998
1998322
22490
90422
2241990
1990422
22491
91422
2241991
1991422
22492
92422
2241992
1992422
22493
93422
2241993
1993422
22494
94422
2241994
1994422
22495
95422
2241995
1995422
22496
96422
2241996
1996422
22497
97422
2241997
1997422
22498
98422
2241998
1998422
22590
90522
2251990
1990522
22591
91522
2251991
1991522
22592
92522
2251992
1992522
22593
93522
2251993
1993522
22594
94522
2251994
1994522
22595
95522
2251995
1995522
22596
96522
2251996
1996522
22597
97522
2251997
1997522
22598
98522
2251998
1998522
22690
90622
2261990
1990622
22691
91622
2261991
1991622
22692
92622
2261992
1992622
22693
93622
2261993
1993622
22694
94622
2261994
1994622
22695
95622
2261995
1995622
22696
96622
2261996
1996622
22697
97622
2261997
1997622
22698
98622
2261998
1998622
22790
90722
2271990
1990722
22791
91722
2271991
1991722
22792
92722
2271992
1992722
22793
93722
2271993
1993722
22794
94722
2271994
1994722
22795
95722
2271995
1995722
22796
96722
2271996
1996722
22797
97722
2271997
1997722
22798
98722
2271998
1998722
22890
90822
2281990
1990822
22891
91822
2281991
1991822
22892
92822
2281992
1992822
22893
93822
2281993
1993822
22894
94822
2281994
1994822
22895
95822
2281995
1995822
22896
96822
2281996
1996822
22897
97822
2281997
1997822
22898
98822
2281998
1998822
22990
90922
2291990
1990922
22991
91922
2291991
1991922
22992
92922
2291992
1992922
22993
93922
2291993
1993922
22994
94922
2291994
1994922
22995
95922
2291995
1995922
22996
96922
2291996
1996922
22997
97922
2291997
1997922
22998
98922
2291998
1998922
221090
901022
22101990
19901022
221091
911022
22101991
19911022
221092
921022
22101992
19921022
221093
931022
22101993
19931022
221094
941022
22101994
19941022
221095
951022
22101995
19951022
221096
961022
22101996
19961022
221097
971022
22101997
19971022
221098
981022
22101998
19981022
221190
901122
22111990
19901122
221191
911122
22111991
19911122
221192
921122
22111992
19921122
221193
931122
22111993
19931122
221194
941122
22111994
19941122
221195
951122
22111995
19951122
221196
961122
22111996
19961122
221197
971122
22111997
19971122
221198
981122
22111998
19981122
221290
901222
22121990
19901222
221291
911222
22121991
19911222
221292
921222
22121992
19921222
221293
931222
22121993
19931222
221294
941222
22121994
19941222
221295
951222
22121995
19951222
221296
961222
22121996
19961222
221297
971222
22121997
19971222
221298
981222
22121998
19981222
23190
90123
2311990
1990123
23191
91123
2311991
1991123
23192
92123
2311992
1992123
23193
93123
2311993
1993123
23194
94123
2311994
1994123
23195
95123
2311995
1995123
23196
96123
2311996
1996123
23197
97123
2311997
1997123
23198
98123
2311998
1998123
23290
90223
2321990
1990223
23291
91223
2321991
1991223
23292
92223
2321992
1992223
23293
93223
2321993
1993223
23294
94223
2321994
1994223
23295
95223
2321995
1995223
23296
96223
2321996
1996223
23297
97223
2321997
1997223
23298
98223
2321998
1998223
23390
90323
2331990
1990323
23391
91323
2331991
1991323
23392
92323
2331992
1992323
23393
93323
2331993
1993323
23394
94323
2331994
1994323
23395
95323
2331995
1995323
23396
96323
2331996
1996323
23397
97323
2331997
1997323
23398
98323
2331998
1998323
23490
90423
2341990
1990423
23491
91423
2341991
1991423
23492
92423
2341992
1992423
23493
93423
2341993
1993423
23494
94423
2341994
1994423
23495
95423
2341995
1995423
23496
96423
2341996
1996423
23497
97423
2341997
1997423
23498
98423
2341998
1998423
23590
90523
2351990
1990523
23591
91523
2351991
1991523
23592
92523
2351992
1992523
23593
93523
2351993
1993523
23594
94523
2351994
1994523
23595
95523
2351995
1995523
23596
96523
2351996
1996523
23597
97523
2351997
1997523
23598
98523
2351998
1998523
23690
90623
2361990
1990623
23691
91623
2361991
1991623
23692
92623
2361992
1992623
23693
93623
2361993
1993623
23694
94623
2361994
1994623
23695
95623
2361995
1995623
23696
96623
2361996
1996623
23697
97623
2361997
1997623
23698
98623
2361998
1998623
23790
90723
2371990
1990723
23791
91723
2371991
1991723
23792
92723
2371992
1992723
23793
93723
2371993
1993723
23794
94723
2371994
1994723
23795
95723
2371995
1995723
23796
96723
2371996
1996723
23797
97723
2371997
1997723
23798
98723
2371998
1998723
23890
90823
2381990
1990823
23891
91823
2381991
1991823
23892
92823
2381992
1992823
23893
93823
2381993
1993823
23894
94823
2381994
1994823
23895
95823
2381995
1995823
23896
96823
2381996
1996823
23897
97823
2381997
1997823
23898
98823
2381998
1998823
23990
90923
2391990
1990923
23991
91923
2391991
1991923
23992
92923
2391992
1992923
23993
93923
2391993
1993923
23994
94923
2391994
1994923
23995
95923
2391995
1995923
23996
96923
2391996
1996923
23997
97923
2391997
1997923
23998
98923
2391998
1998923
231090
901023
23101990
19901023
231091
911023
23101991
19911023
231092
921023
23101992
19921023
231093
931023
23101993
19931023
231094
941023
23101994
19941023
231095
951023
23101995
19951023
231096
961023
23101996
19961023
231097
971023
23101997
19971023
231098
981023
23101998
19981023
231190
901123
23111990
19901123
231191
911123
23111991
19911123
231192
921123
23111992
19921123
231193
931123
23111993
19931123
231194
941123
23111994
19941123
231195
951123
23111995
19951123
231196
961123
23111996
19961123
231197
971123
23111997
19971123
231198
981123
23111998
19981123
231290
901223
23121990
19901223
231291
911223
23121991
19911223
231292
921223
23121992
19921223
231293
931223
23121993
19931223
231294
941223
23121994
19941223
231295
951223
23121995
19951223
231296
961223
23121996
19961223
231297
971223
23121997
19971223
231298
981223
23121998
19981223
24190
90124
2411990
1990124
24191
91124
2411991
1991124
24192
92124
2411992
1992124
24193
93124
2411993
1993124
24194
94124
2411994
1994124
24195
95124
2411995
1995124
24196
96124
2411996
1996124
24197
97124
2411997
1997124
24198
98124
2411998
1998124
24290
90224
2421990
1990224
24291
91224
2421991
1991224
24292
92224
2421992
1992224
24293
93224
2421993
1993224
24294
94224
2421994
1994224
24295
95224
2421995
1995224
24296
96224
2421996
1996224
24297
97224
2421997
1997224
24298
98224
2421998
1998224
24390
90324
2431990
1990324
24391
91324
2431991
1991324
24392
92324
2431992
1992324
24393
93324
2431993
1993324
24394
94324
2431994
1994324
24395
95324
2431995
1995324
24396
96324
2431996
1996324
24397
97324
2431997
1997324
24398
98324
2431998
1998324
24490
90424
2441990
1990424
24491
91424
2441991
1991424
24492
92424
2441992
1992424
24493
93424
2441993
1993424
24494
94424
2441994
1994424
24495
95424
2441995
1995424
24496
96424
2441996
1996424
24497
97424
2441997
1997424
24498
98424
2441998
1998424
24590
90524
2451990
1990524
24591
91524
2451991
1991524
24592
92524
2451992
1992524
24593
93524
2451993
1993524
24594
94524
2451994
1994524
24595
95524
2451995
1995524
24596
96524
2451996
1996524
24597
97524
2451997
1997524
24598
98524
2451998
1998524
24690
90624
2461990
1990624
24691
91624
2461991
1991624
24692
92624
2461992
1992624
24693
93624
2461993
1993624
24694
94624
2461994
1994624
24695
95624
2461995
1995624
24696
96624
2461996
1996624
24697
97624
2461997
1997624
24698
98624
2461998
1998624
24790
90724
2471990
1990724
24791
91724
2471991
1991724
24792
92724
2471992
1992724
24793
93724
2471993
1993724
24794
94724
2471994
1994724
24795
95724
2471995
1995724
24796
96724
2471996
1996724
24797
97724
2471997
1997724
24798
98724
2471998
1998724
24890
90824
2481990
1990824
24891
91824
2481991
1991824
24892
92824
2481992
1992824
24893
93824
2481993
1993824
24894
94824
2481994
1994824
24895
95824
2481995
1995824
24896
96824
2481996
1996824
24897
97824
2481997
1997824
24898
98824
2481998
1998824
24990
90924
2491990
1990924
24991
91924
2491991
1991924
24992
92924
2491992
1992924
24993
93924
2491993
1993924
24994
94924
2491994
1994924
24995
95924
2491995
1995924
24996
96924
2491996
1996924
24997
97924
2491997
1997924
24998
98924
2491998
1998924
241090
901024
24101990
19901024
241091
911024
24101991
19911024
241092
921024
24101992
19921024
241093
931024
24101993
19931024
241094
941024
24101994
19941024
241095
951024
24101995
19951024
241096
961024
24101996
19961024
241097
971024
24101997
19971024
241098
981024
24101998
19981024
241190
901124
24111990
19901124
241191
911124
24111991
19911124
241192
921124
24111992
19921124
241193
931124
24111993
19931124
241194
941124
24111994
19941124
241195
951124
24111995
19951124
241196
961124
24111996
19961124
241197
971124
24111997
19971124
241198
981124
24111998
19981124
241290
901224
24121990
19901224
241291
911224
24121991
19911224
241292
921224
24121992
19921224
241293
931224
24121993
19931224
241294
941224
24121994
19941224
241295
951224
24121995
19951224
241296
961224
24121996
19961224
241297
971224
24121997
19971224
241298
981224
24121998
19981224
25190
90125
2511990
1990125
25191
91125
2511991
1991125
25192
92125
2511992
1992125
25193
93125
2511993
1993125
25194
94125
2511994
1994125
25195
95125
2511995
1995125
25196
96125
2511996
1996125
25197
97125
2511997
1997125
25198
98125
2511998
1998125
25290
90225
2521990
1990225
25291
91225
2521991
1991225
25292
92225
2521992
1992225
25293
93225
2521993
1993225
25294
94225
2521994
1994225
25295
95225
2521995
1995225
25296
96225
2521996
1996225
25297
97225
2521997
1997225
25298
98225
2521998
1998225
25390
90325
2531990
1990325
25391
91325
2531991
1991325
25392
92325
2531992
1992325
25393
93325
2531993
1993325
25394
94325
2531994
1994325
25395
95325
2531995
1995325
25396
96325
2531996
1996325
25397
97325
2531997
1997325
25398
98325
2531998
1998325
25490
90425
2541990
1990425
25491
91425
2541991
1991425
25492
92425
2541992
1992425
25493
93425
2541993
1993425
25494
94425
2541994
1994425
25495
95425
2541995
1995425
25496
96425
2541996
1996425
25497
97425
2541997
1997425
25498
98425
2541998
1998425
25590
90525
2551990
1990525
25591
91525
2551991
1991525
25592
92525
2551992
1992525
25593
93525
2551993
1993525
25594
94525
2551994
1994525
25595
95525
2551995
1995525
25596
96525
2551996
1996525
25597
97525
2551997
1997525
25598
98525
2551998
1998525
25690
90625
2561990
1990625
25691
91625
2561991
1991625
25692
92625
2561992
1992625
25693
93625
2561993
1993625
25694
94625
2561994
1994625
25695
95625
2561995
1995625
25696
96625
2561996
1996625
25697
97625
2561997
1997625
25698
98625
2561998
1998625
25790
90725
2571990
1990725
25791
91725
2571991
1991725
25792
92725
2571992
1992725
25793
93725
2571993
1993725
25794
94725
2571994
1994725
25795
95725
2571995
1995725
25796
96725
2571996
1996725
25797
97725
2571997
1997725
25798
98725
2571998
1998725
25890
90825
2581990
1990825
25891
91825
2581991
1991825
25892
92825
2581992
1992825
25893
93825
2581993
1993825
25894
94825
2581994
1994825
25895
95825
2581995
1995825
25896
96825
2581996
1996825
25897
97825
2581997
1997825
25898
98825
2581998
1998825
25990
90925
2591990
1990925
25991
91925
2591991
1991925
25992
92925
2591992
1992925
25993
93925
2591993
1993925
25994
94925
2591994
1994925
25995
95925
2591995
1995925
25996
96925
2591996
1996925
25997
97925
2591997
1997925
25998
98925
2591998
1998925
251090
901025
25101990
19901025
251091
911025
25101991
19911025
251092
921025
25101992
19921025
251093
931025
25101993
19931025
251094
941025
25101994
19941025
251095
951025
25101995
19951025
251096
961025
25101996
19961025
251097
971025
25101997
19971025
251098
981025
25101998
19981025
251190
901125
25111990
19901125
251191
911125
25111991
19911125
251192
921125
25111992
19921125
251193
931125
25111993
19931125
251194
941125
25111994
19941125
251195
951125
25111995
19951125
251196
961125
25111996
19961125
251197
971125
25111997
19971125
251198
981125
25111998
19981125
251290
901225
25121990
19901225
251291
911225
25121991
19911225
251292
921225
25121992
19921225
251293
931225
25121993
19931225
251294
941225
25121994
19941225
251295
951225
25121995
19951225
251296
961225
25121996
19961225
251297
971225
25121997
19971225
251298
981225
25121998
19981225
26190
90126
2611990
1990126
26191
91126
2611991
1991126
26192
92126
2611992
1992126
26193
93126
2611993
1993126
26194
94126
2611994
1994126
26195
95126
2611995
1995126
26196
96126
2611996
1996126
26197
97126
2611997
1997126
26198
98126
2611998
1998126
26290
90226
2621990
1990226
26291
91226
2621991
1991226
26292
92226
2621992
1992226
26293
93226
2621993
1993226
26294
94226
2621994
1994226
26295
95226
2621995
1995226
26296
96226
2621996
1996226
26297
97226
2621997
1997226
26298
98226
2621998
1998226
26390
90326
2631990
1990326
26391
91326
2631991
1991326
26392
92326
2631992
1992326
26393
93326
2631993
1993326
26394
94326
2631994
1994326
26395
95326
2631995
1995326
26396
96326
2631996
1996326
26397
97326
2631997
1997326
26398
98326
2631998
1998326
26490
90426
2641990
1990426
26491
91426
2641991
1991426
26492
92426
2641992
1992426
26493
93426
2641993
1993426
26494
94426
2641994
1994426
26495
95426
2641995
1995426
26496
96426
2641996
1996426
26497
97426
2641997
1997426
26498
98426
2641998
1998426
26590
90526
2651990
1990526
26591
91526
2651991
1991526
26592
92526
2651992
1992526
26593
93526
2651993
1993526
26594
94526
2651994
1994526
26595
95526
2651995
1995526
26596
96526
2651996
1996526
26597
97526
2651997
1997526
26598
98526
2651998
1998526
26690
90626
2661990
1990626
26691
91626
2661991
1991626
26692
92626
2661992
1992626
26693
93626
2661993
1993626
26694
94626
2661994
1994626
26695
95626
2661995
1995626
26696
96626
2661996
1996626
26697
97626
2661997
1997626
26698
98626
2661998
1998626
26790
90726
2671990
1990726
26791
91726
2671991
1991726
26792
92726
2671992
1992726
26793
93726
2671993
1993726
26794
94726
2671994
1994726
26795
95726
2671995
1995726
26796
96726
2671996
1996726
26797
97726
2671997
1997726
26798
98726
2671998
1998726
26890
90826
2681990
1990826
26891
91826
2681991
1991826
26892
92826
2681992
1992826
26893
93826
2681993
1993826
26894
94826
2681994
1994826
26895
95826
2681995
1995826
26896
96826
2681996
1996826
26897
97826
2681997
1997826
26898
98826
2681998
1998826
26990
90926
2691990
1990926
26991
91926
2691991
1991926
26992
92926
2691992
1992926
26993
93926
2691993
1993926
26994
94926
2691994
1994926
26995
95926
2691995
1995926
26996
96926
2691996
1996926
26997
97926
2691997
1997926
26998
98926
2691998
1998926
261090
901026
26101990
19901026
261091
911026
26101991
19911026
261092
921026
26101992
19921026
261093
931026
26101993
19931026
261094
941026
26101994
19941026
261095
951026
26101995
19951026
261096
961026
26101996
19961026
261097
971026
26101997
19971026
261098
981026
26101998
19981026
261190
901126
26111990
19901126
261191
911126
26111991
19911126
261192
921126
26111992
19921126
261193
931126
26111993
19931126
261194
941126
26111994
19941126
261195
951126
26111995
19951126
261196
961126
26111996
19961126
261197
971126
26111997
19971126
261198
981126
26111998
19981126
261290
901226
26121990
19901226
261291
911226
26121991
19911226
261292
921226
26121992
19921226
261293
931226
26121993
19931226
261294
941226
26121994
19941226
261295
951226
26121995
19951226
261296
961226
26121996
19961226
261297
971226
26121997
19971226
261298
981226
26121998
19981226
27190
90127
2711990
1990127
27191
91127
2711991
1991127
27192
92127
2711992
1992127
27193
93127
2711993
1993127
27194
94127
2711994
1994127
27195
95127
2711995
1995127
27196
96127
2711996
1996127
27197
97127
2711997
1997127
27198
98127
2711998
1998127
27290
90227
2721990
1990227
27291
91227
2721991
1991227
27292
92227
2721992
1992227
27293
93227
2721993
1993227
27294
94227
2721994
1994227
27295
95227
2721995
1995227
27296
96227
2721996
1996227
27297
97227
2721997
1997227
27298
98227
2721998
1998227
27390
90327
2731990
1990327
27391
91327
2731991
1991327
27392
92327
2731992
1992327
27393
93327
2731993
1993327
27394
94327
2731994
1994327
27395
95327
2731995
1995327
27396
96327
2731996
1996327
27397
97327
2731997
1997327
27398
98327
2731998
1998327
27490
90427
2741990
1990427
27491
91427
2741991
1991427
27492
92427
2741992
1992427
27493
93427
2741993
1993427
27494
94427
2741994
1994427
27495
95427
2741995
1995427
27496
96427
2741996
1996427
27497
97427
2741997
1997427
27498
98427
2741998
1998427
27590
90527
2751990
1990527
27591
91527
2751991
1991527
27592
92527
2751992
1992527
27593
93527
2751993
1993527
27594
94527
2751994
1994527
27595
95527
2751995
1995527
27596
96527
2751996
1996527
27597
97527
2751997
1997527
27598
98527
2751998
1998527
27690
90627
2761990
1990627
27691
91627
2761991
1991627
27692
92627
2761992
1992627
27693
93627
2761993
1993627
27694
94627
2761994
1994627
27695
95627
2761995
1995627
27696
96627
2761996
1996627
27697
97627
2761997
1997627
27698
98627
2761998
1998627
27790
90727
2771990
1990727
27791
91727
2771991
1991727
27792
92727
2771992
1992727
27793
93727
2771993
1993727
27794
94727
2771994
1994727
27795
95727
2771995
1995727
27796
96727
2771996
1996727
27797
97727
2771997
1997727
27798
98727
2771998
1998727
27890
90827
2781990
1990827
27891
91827
2781991
1991827
27892
92827
2781992
1992827
27893
93827
2781993
1993827
27894
94827
2781994
1994827
27895
95827
2781995
1995827
27896
96827
2781996
1996827
27897
97827
2781997
1997827
27898
98827
2781998
1998827
27990
90927
2791990
1990927
27991
91927
2791991
1991927
27992
92927
2791992
1992927
27993
93927
2791993
1993927
27994
94927
2791994
1994927
27995
95927
2791995
1995927
27996
96927
2791996
1996927
27997
97927
2791997
1997927
27998
98927
2791998
1998927
271090
901027
27101990
19901027
271091
911027
27101991
19911027
271092
921027
27101992
19921027
271093
931027
27101993
19931027
271094
941027
27101994
19941027
271095
951027
27101995
19951027
271096
961027
27101996
19961027
271097
971027
27101997
19971027
271098
981027
27101998
19981027
271190
901127
27111990
19901127
271191
911127
27111991
19911127
271192
921127
27111992
19921127
271193
931127
27111993
19931127
271194
941127
27111994
19941127
271195
951127
27111995
19951127
271196
961127
27111996
19961127
271197
971127
27111997
19971127
271198
981127
27111998
19981127
271290
901227
27121990
19901227
271291
911227
27121991
19911227
271292
921227
27121992
19921227
271293
931227
27121993
19931227
271294
941227
27121994
19941227
271295
951227
27121995
19951227
271296
961227
27121996
19961227
271297
971227
27121997
19971227
271298
981227
27121998
19981227
28190
90128
2811990
1990128
28191
91128
2811991
1991128
28192
92128
2811992
1992128
28193
93128
2811993
1993128
28194
94128
2811994
1994128
28195
95128
2811995
1995128
28196
96128
2811996
1996128
28197
97128
2811997
1997128
28198
98128
2811998
1998128
28290
90228
2821990
1990228
28291
91228
2821991
1991228
28292
92228
2821992
1992228
28293
93228
2821993
1993228
28294
94228
2821994
1994228
28295
95228
2821995
1995228
28296
96228
2821996
1996228
28297
97228
2821997
1997228
28298
98228
2821998
1998228
28390
90328
2831990
1990328
28391
91328
2831991
1991328
28392
92328
2831992
1992328
28393
93328
2831993
1993328
28394
94328
2831994
1994328
28395
95328
2831995
1995328
28396
96328
2831996
1996328
28397
97328
2831997
1997328
28398
98328
2831998
1998328
28490
90428
2841990
1990428
28491
91428
2841991
1991428
28492
92428
2841992
1992428
28493
93428
2841993
1993428
28494
94428
2841994
1994428
28495
95428
2841995
1995428
28496
96428
2841996
1996428
28497
97428
2841997
1997428
28498
98428
2841998
1998428
28590
90528
2851990
1990528
28591
91528
2851991
1991528
28592
92528
2851992
1992528
28593
93528
2851993
1993528
28594
94528
2851994
1994528
28595
95528
2851995
1995528
28596
96528
2851996
1996528
28597
97528
2851997
1997528
28598
98528
2851998
1998528
28690
90628
2861990
1990628
28691
91628
2861991
1991628
28692
92628
2861992
1992628
28693
93628
2861993
1993628
28694
94628
2861994
1994628
28695
95628
2861995
1995628
28696
96628
2861996
1996628
28697
97628
2861997
1997628
28698
98628
2861998
1998628
28790
90728
2871990
1990728
28791
91728
2871991
1991728
28792
92728
2871992
1992728
28793
93728
2871993
1993728
28794
94728
2871994
1994728
28795
95728
2871995
1995728
28796
96728
2871996
1996728
28797
97728
2871997
1997728
28798
98728
2871998
1998728
28890
90828
2881990
1990828
28891
91828
2881991
1991828
28892
92828
2881992
1992828
28893
93828
2881993
1993828
28894
94828
2881994
1994828
28895
95828
2881995
1995828
28896
96828
2881996
1996828
28897
97828
2881997
1997828
28898
98828
2881998
1998828
28990
90928
2891990
1990928
28991
91928
2891991
1991928
28992
92928
2891992
1992928
28993
93928
2891993
1993928
28994
94928
2891994
1994928
28995
95928
2891995
1995928
28996
96928
2891996
1996928
28997
97928
2891997
1997928
28998
98928
2891998
1998928
281090
901028
28101990
19901028
281091
911028
28101991
19911028
281092
921028
28101992
19921028
281093
931028
28101993
19931028
281094
941028
28101994
19941028
281095
951028
28101995
19951028
281096
961028
28101996
19961028
281097
971028
28101997
19971028
281098
981028
28101998
19981028
281190
901128
28111990
19901128
281191
911128
28111991
19911128
281192
921128
28111992
19921128
281193
931128
28111993
19931128
281194
941128
28111994
19941128
281195
951128
28111995
19951128
281196
961128
28111996
19961128
281197
971128
28111997
19971128
281198
981128
28111998
19981128
281290
901228
28121990
19901228
281291
911228
28121991
19911228
281292
921228
28121992
19921228
281293
931228
28121993
19931228
281294
941228
28121994
19941228
281295
951228
28121995
19951228
281296
961228
28121996
19961228
281297
971228
28121997
19971228
281298
981228
28121998
19981228
29190
90129
2911990
1990129
29191
91129
2911991
1991129
29192
92129
2911992
1992129
29193
93129
2911993
1993129
29194
94129
2911994
1994129
29195
95129
2911995
1995129
29196
96129
2911996
1996129
29197
97129
2911997
1997129
29198
98129
2911998
1998129
29290
90229
2921990
1990229
29291
91229
2921991
1991229
29292
92229
2921992
1992229
29293
93229
2921993
1993229
29294
94229
2921994
1994229
29295
95229
2921995
1995229
29296
96229
2921996
1996229
29297
97229
2921997
1997229
29298
98229
2921998
1998229
29390
90329
2931990
1990329
29391
91329
2931991
1991329
29392
92329
2931992
1992329
29393
93329
2931993
1993329
29394
94329
2931994
1994329
29395
95329
2931995
1995329
29396
96329
2931996
1996329
29397
97329
2931997
1997329
29398
98329
2931998
1998329
29490
90429
2941990
1990429
29491
91429
2941991
1991429
29492
92429
2941992
1992429
29493
93429
2941993
1993429
29494
94429
2941994
1994429
29495
95429
2941995
1995429
29496
96429
2941996
1996429
29497
97429
2941997
1997429
29498
98429
2941998
1998429
29590
90529
2951990
1990529
29591
91529
2951991
1991529
29592
92529
2951992
1992529
29593
93529
2951993
1993529
29594
94529
2951994
1994529
29595
95529
2951995
1995529
29596
96529
2951996
1996529
29597
97529
2951997
1997529
29598
98529
2951998
1998529
29690
90629
2961990
1990629
29691
91629
2961991
1991629
29692
92629
2961992
1992629
29693
93629
2961993
1993629
29694
94629
2961994
1994629
29695
95629
2961995
1995629
29696
96629
2961996
1996629
29697
97629
2961997
1997629
29698
98629
2961998
1998629
29790
90729
2971990
1990729
29791
91729
2971991
1991729
29792
92729
2971992
1992729
29793
93729
2971993
1993729
29794
94729
2971994
1994729
29795
95729
2971995
1995729
29796
96729
2971996
1996729
29797
97729
2971997
1997729
29798
98729
2971998
1998729
29890
90829
2981990
1990829
29891
91829
2981991
1991829
29892
92829
2981992
1992829
29893
93829
2981993
1993829
29894
94829
2981994
1994829
29895
95829
2981995
1995829
29896
96829
2981996
1996829
29897
97829
2981997
1997829
29898
98829
2981998
1998829
29990
90929
2991990
1990929
29991
91929
2991991
1991929
29992
92929
2991992
1992929
29993
93929
2991993
1993929
29994
94929
2991994
1994929
29995
95929
2991995
1995929
29996
96929
2991996
1996929
29997
97929
2991997
1997929
29998
98929
2991998
1998929
291090
901029
29101990
19901029
291091
911029
29101991
19911029
291092
921029
29101992
19921029
291093
931029
29101993
19931029
291094
941029
29101994
19941029
291095
951029
29101995
19951029
291096
961029
29101996
19961029
291097
971029
29101997
19971029
291098
981029
29101998
19981029
291190
901129
29111990
19901129
291191
911129
29111991
19911129
291192
921129
29111992
19921129
291193
931129
29111993
19931129
291194
941129
29111994
19941129
291195
951129
29111995
19951129
291196
961129
29111996
19961129
291197
971129
29111997
19971129
291198
981129
29111998
19981129
291290
901229
29121990
19901229
291291
911229
29121991
19911229
291292
921229
29121992
19921229
291293
931229
29121993
19931229
291294
941229
29121994
19941229
291295
951229
29121995
19951229
291296
961229
29121996
19961229
291297
971229
29121997
19971229
291298
981229
29121998
19981229
30190
90130
3011990
1990130
30191
91130
3011991
1991130
30192
92130
3011992
1992130
30193
93130
3011993
1993130
30194
94130
3011994
1994130
30195
95130
3011995
1995130
30196
96130
3011996
1996130
30197
97130
3011997
1997130
30198
98130
3011998
1998130
30290
90230
3021990
1990230
30291
91230
3021991
1991230
30292
92230
3021992
1992230
30293
93230
3021993
1993230
30294
94230
3021994
1994230
30295
95230
3021995
1995230
30296
96230
3021996
1996230
30297
97230
3021997
1997230
30298
98230
3021998
1998230
30390
90330
3031990
1990330
30391
91330
3031991
1991330
30392
92330
3031992
1992330
30393
93330
3031993
1993330
30394
94330
3031994
1994330
30395
95330
3031995
1995330
30396
96330
3031996
1996330
30397
97330
3031997
1997330
30398
98330
3031998
1998330
30490
90430
3041990
1990430
30491
91430
3041991
1991430
30492
92430
3041992
1992430
30493
93430
3041993
1993430
30494
94430
3041994
1994430
30495
95430
3041995
1995430
30496
96430
3041996
1996430
30497
97430
3041997
1997430
30498
98430
3041998
1998430
30590
90530
3051990
1990530
30591
91530
3051991
1991530
30592
92530
3051992
1992530
30593
93530
3051993
1993530
30594
94530
3051994
1994530
30595
95530
3051995
1995530
30596
96530
3051996
1996530
30597
97530
3051997
1997530
30598
98530
3051998
1998530
30690
90630
3061990
1990630
30691
91630
3061991
1991630
30692
92630
3061992
1992630
30693
93630
3061993
1993630
30694
94630
3061994
1994630
30695
95630
3061995
1995630
30696
96630
3061996
1996630
30697
97630
3061997
1997630
30698
98630
3061998
1998630
30790
90730
3071990
1990730
30791
91730
3071991
1991730
30792
92730
3071992
1992730
30793
93730
3071993
1993730
30794
94730
3071994
1994730
30795
95730
3071995
1995730
30796
96730
3071996
1996730
30797
97730
3071997
1997730
30798
98730
3071998
1998730
30890
90830
3081990
1990830
30891
91830
3081991
1991830
30892
92830
3081992
1992830
30893
93830
3081993
1993830
30894
94830
3081994
1994830
30895
95830
3081995
1995830
30896
96830
3081996
1996830
30897
97830
3081997
1997830
30898
98830
3081998
1998830
30990
90930
3091990
1990930
30991
91930
3091991
1991930
30992
92930
3091992
1992930
30993
93930
3091993
1993930
30994
94930
3091994
1994930
30995
95930
3091995
1995930
30996
96930
3091996
1996930
30997
97930
3091997
1997930
30998
98930
3091998
1998930
301090
901030
30101990
19901030
301091
911030
30101991
19911030
301092
921030
30101992
19921030
301093
931030
30101993
19931030
301094
941030
30101994
19941030
301095
951030
30101995
19951030
301096
961030
30101996
19961030
301097
971030
30101997
19971030
301098
981030
30101998
19981030
301190
901130
30111990
19901130
301191
911130
30111991
19911130
301192
921130
30111992
19921130
301193
931130
30111993
19931130
301194
941130
30111994
19941130
301195
951130
30111995
19951130
301196
961130
30111996
19961130
301197
971130
30111997
19971130
301198
981130
30111998
19981130
301290
901230
30121990
19901230
301291
911230
30121991
19911230
301292
921230
30121992
19921230
301293
931230
30121993
19931230
301294
941230
30121994
19941230
301295
951230
30121995
19951230
301296
961230
30121996
19961230
301297
971230
30121997
19971230
301298
981230
30121998
19981230
31190
90131
3111990
1990131
31191
91131
3111991
1991131
31192
92131
3111992
1992131
31193
93131
3111993
1993131
31194
94131
3111994
1994131
31195
95131
3111995
1995131
31196
96131
3111996
1996131
31197
97131
3111997
1997131
31198
98131
3111998
1998131
31290
90231
3121990
1990231
31291
91231
3121991
1991231
31292
92231
3121992
1992231
31293
93231
3121993
1993231
31294
94231
3121994
1994231
31295
95231
3121995
1995231
31296
96231
3121996
1996231
31297
97231
3121997
1997231
31298
98231
3121998
1998231
31390
90331
3131990
1990331
31391
91331
3131991
1991331
31392
92331
3131992
1992331
31393
93331
3131993
1993331
31394
94331
3131994
1994331
31395
95331
3131995
1995331
31396
96331
3131996
1996331
31397
97331
3131997
1997331
31398
98331
3131998
1998331
31490
90431
3141990
1990431
31491
91431
3141991
1991431
31492
92431
3141992
1992431
31493
93431
3141993
1993431
31494
94431
3141994
1994431
31495
95431
3141995
1995431
31496
96431
3141996
1996431
31497
97431
3141997
1997431
31498
98431
3141998
1998431
31590
90531
3151990
1990531
31591
91531
3151991
1991531
31592
92531
3151992
1992531
31593
93531
3151993
1993531
31594
94531
3151994
1994531
31595
95531
3151995
1995531
31596
96531
3151996
1996531
31597
97531
3151997
1997531
31598
98531
3151998
1998531
31690
90631
3161990
1990631
31691
91631
3161991
1991631
31692
92631
3161992
1992631
31693
93631
3161993
1993631
31694
94631
3161994
1994631
31695
95631
3161995
1995631
31696
96631
3161996
1996631
31697
97631
3161997
1997631
31698
98631
3161998
1998631
31790
90731
3171990
1990731
31791
91731
3171991
1991731
31792
92731
3171992
1992731
31793
93731
3171993
1993731
31794
94731
3171994
1994731
31795
95731
3171995
1995731
31796
96731
3171996
1996731
31797
97731
3171997
1997731
31798
98731
3171998
1998731
31890
90831
3181990
1990831
31891
91831
3181991
1991831
31892
92831
3181992
1992831
31893
93831
3181993
1993831
31894
94831
3181994
1994831
31895
95831
3181995
1995831
31896
96831
3181996
1996831
31897
97831
3181997
1997831
31898
98831
3181998
1998831
31990
90931
3191990
1990931
31991
91931
3191991
1991931
31992
92931
3191992
1992931
31993
93931
3191993
1993931
31994
94931
3191994
1994931
31995
95931
3191995
1995931
31996
96931
3191996
1996931
31997
97931
3191997
1997931
31998
98931
3191998
1998931
311090
901031
31101990
19901031
311091
911031
31101991
19911031
311092
921031
31101992
19921031
311093
931031
31101993
19931031
311094
941031
31101994
19941031
311095
951031
31101995
19951031
311096
961031
31101996
19961031
311097
971031
31101997
19971031
311098
981031
31101998
19981031
311190
901131
31111990
19901131
311191
911131
31111991
19911131
311192
921131
31111992
19921131
311193
931131
31111993
19931131
311194
941131
31111994
19941131
311195
951131
31111995
19951131
311196
961131
31111996
19961131
311197
971131
31111997
19971131
311198
981131
31111998
19981131
311290
901231
31121990
19901231
311291
911231
31121991
19911231
311292
921231
31121992
19921231
311293
931231
31121993
19931231
311294
941231
31121994
19941231
311295
951231
31121995
19951231
311296
961231
31121996
19961231
311297
971231
31121997
19971231
311298
981231
31121998
19981231
